# pthread synchronization experiment config:
# Experiment = spin-lock
# Clocksource = clock_gettime(CLOCK_REALTIME)
# Output is in ns
# 100 trials
# 10 throwout
106
108
107
105
109
110
109
108
108
105
108
105
105
108
107
110
108
110
108
106
110
106
110
110
110
110
110
109
105
106
105
107
105
107
105
110
108
110
105
110
105
109
109
108
106
105
108
105
110
109
110
108
106
105
110
105
108
108
105
107
108
105
108
108
109
108
110
110
110
110
105
105
105
110
105
105
109
109
109
112
109
109
109
108
110
108
105
106
109
110
108
109
105
106
105
110
106
110
106
105
