# pthread synchronization experiment config:
# Experiment = mutex-lock
# Clocksource = clock_gettime(CLOCK_REALTIME)
# Output is in ns
# 100 trials
# 10 throwout
120
116
115
115
120
117
115
112
115
116
114
115
114
116
112
118
113
118
110
115
114
115
114
111
111
115
114
115
116
114
111
110
117
115
114
116
110
115
113
112
115
115
115
115
112
117
115
114
114
114
116
115
111
115
113
117
115
114
115
116
115
113
117
115
115
114
115
115
114
115
115
117
115
115
114
115
116
111
110
117
128
111
115
115
115
113
111
116
115
114
112
115
116
114
110
116
118
115
116
115
