# pthread synchronization experiment config:
# Experiment = spin-trylock
# Clocksource = clock_gettime(CLOCK_REALTIME)
# Output is in ns
# 100 trials
# 10 throwout
107
110
107
106
107
110
107
110
106
107
110
106
105
109
110
109
107
110
109
113
110
109
105
106
107
105
106
110
107
110
106
107
109
108
110
108
110
110
110
107
106
105
106
105
106
108
109
107
108
106
107
106
110
107
107
110
112
106
110
109
106
105
106
110
105
106
110
109
106
108
109
106
108
106
107
106
110
109
110
105
106
105
109
106
105
106
108
106
107
107
110
107
105
106
109
110
109
105
110
109
