# pthread synchronization experiment config:
# Experiment = sem-up
# Clocksource = clock_gettime(CLOCK_REALTIME)
# Output is in ns
# 100 trials
# 10 throwout
108
110
110
105
110
105
110
109
110
110
110
110
109
106
110
110
110
105
108
109
110
112
108
105
110
109
110
110
109
110
110
110
109
106
110
110
110
105
110
110
110
110
110
110
110
110
110
110
109
110
105
105
110
110
110
110
106
110
106
110
106
110
106
110
106
110
110
110
110
106
110
110
110
109
110
110
105
105
110
110
110
108
108
112
108
108
110
106
105
110
110
108
112
110
112
108
110
110
110
110
