# pthread synchronization experiment config:
# Experiment = sem-down
# Clocksource = clock_gettime(CLOCK_REALTIME)
# Output is in ns
# 100 trials
# 10 throwout
113
130
110
113
110
110
110
110
110
110
110
110
110
107
110
110
108
112
110
110
110
110
107
110
110
110
113
112
110
110
110
110
113
110
110
110
108
110
110
110
110
110
110
110
110
110
113
110
110
110
108
112
110
110
110
110
110
110
110
108
112
110
110
110
110
110
110
110
110
110
112
112
110
110
110
110
110
110
110
112
112
110
110
110
108
110
110
110
110
112
112
110
110
110
110
110
110
110
110
112
