# pthread synchronization experiment config:
# Experiment = mutex-trylock
# Clocksource = clock_gettime(CLOCK_REALTIME)
# Output is in ns
# 100 trials
# 10 throwout
105
104
107
105
104
104
105
105
104
104
104
104
105
102
104
105
104
104
104
105
106
102
104
105
102
105
105
103
104
103
105
104
105
105
104
105
104
102
102
103
104
104
102
103
104
102
102
102
105
104
102
107
102
105
102
105
104
105
104
102
105
102
105
102
104
102
107
100
105
102
102
104
105
102
104
104
102
104
104
103
102
100
102
102
102
105
102
104
105
104
107
102
102
103
104
105
102
104
104
103
