# pthread synchronization experiment config:
# Experiment = mutex-unlock
# Clocksource = clock_gettime(CLOCK_REALTIME)
# Output is in ns
# 100 trials
# 10 throwout
120
128
120
120
120
120
120
115
120
120
120
120
116
120
120
120
120
120
115
120
120
119
118
120
120
116
120
120
120
120
115
120
120
120
119
120
118
120
120
119
120
119
120
115
120
119
120
120
120
120
116
120
115
120
115
120
120
120
119
120
120
120
116
120
120
120
120
120
120
120
115
120
120
115
120
118
120
115
120
120
116
120
119
120
120
120
120
120
120
120
115
120
120
120
117
120
120
120
120
120
