name,lang,total-procs,gnx,gny,gnz,npx,npy,npz,reference-iters,time-optimization,time-ddot,time-waxpby,time-spmv,time-mg,total-time,raw-mem-bw,raw-gflops
HPCG-Benchmark_3.1_2020-04-28_23-20-10.exp,CPP,224,64,128,112,4,8,7,5000,2.38419e-07,4.24395,237.43,128.402,54.1743,34.0274,374.941,49.4174
HPCG-Benchmark_3.1_2020-04-28_23-19-34.exp,CPP,112,64,64,112,4,4,7,5000,2.38419e-07,2.90333,198.913,76.5022,37.0671,24.9393,254.364,33.52
HPCG-Benchmark-Julia_2020-04-30T19:08:44.412.exp,julia,112,64,64,112,4,4,7,,3.0973e-5,14.247522888793107,1870.7564736523766,78.75516336069818,52.140791513792266,156.717382105,506.6771291444806,53.19321997871756
HPCG-Benchmark-Julia_2020-04-30T19:05:31.492.exp,julia,56,64,32,112,4,2,7,,4.3098e-5,13.722496051026686,1198.511053727137,92.49562542562954,63.493044270214355,64.952270173,604.3309461832627,63.434247754941815
HPCG-Benchmark-Julia_2020-04-30T19:15:25.774.exp,julia,224,64,112,128,4,7,8,,4.4029e-5,13.03296199342455,3090.933292518104,93.21228206337295,46.19582999403868,346.041746599,461.53392631055897,48.458054296644384
HPCG-Benchmark_3.1_2020-04-28_23-19-07.exp,CPP,56,32,64,112,2,4,7,5000,2.38419e-07,1.83317,99.5992,43.5264,22.9425,20.0025,156.799,20.6563
HPCG-Benchmark_3.1_2020-04-28_23-18-45.exp,CPP,28,32,112,32,2,7,2,5000,2.38419e-07,0.980407,62.5732,29.1472,15.5048,15.4067,100.651,13.2552
HPCG-Benchmark-Julia_2020-04-30T19:03:00.657.exp,julia,14,32,16,112,2,1,7,,1.8063e-5,6.434132042956476,312.4129185544813,60.46074213311076,56.10858462052034,19.743273603000002,480.185711013975,50.375829297572636
HPCG-Benchmark-Julia_2020-04-30T19:03:56.642.exp,julia,28,32,32,112,2,2,7,,1.8364000000000002e-5,8.252314999677315,634.792926674051,92.08829397604558,66.33632579894461,32.715308834000005,593.1325395844495,62.2477791768108
HPCG-Benchmark_3.1_2020-04-28_23-18-28.exp,CPP,14,32,112,16,2,7,1,5000,2.38419e-07,0.60997,31.7194,14.8915,9.96009,12.0724,62.7762,8.26171
