name,lang,total-procs,gnx,gny,gnz,npx,npy,npz,time-optimization,time-ddot,time-waxpby,time-spmv,time-mg,total-time,raw-mem-bw,raw-gflops,reference-iters
HPCG-Benchmark-Julia_2020-05-01T22:31:01.618.exp,julia,56,128,64,224,4,2,7,0.000222052,83.333769088723,1468.9940885983783,612.4957811709105,483.9995736873979,72.25117504,4435.212903156128,465.69115733512086,
HPCG-Benchmark_3.1_2020-05-02_18-43-32.exp,CPP,28,64,224,64,2,7,2,2.38419e-07,3.44116,51.0096,35.6013,28.4514,63.8693,199.276,26.2629,5000
HPCG-Benchmark_3.1_2020-05-02_18-46-23.exp,CPP,112,128,128,224,4,4,7,2.38419e-07,9.83964,162.52,117.357,81.4725,88.7951,579.787,76.4349,5000
HPCG-Benchmark-Julia_2020-05-01T22:33:36.8.exp,julia,112,128,128,224,4,4,7,0.00019874600000000002,112.27265767797991,2971.9107014179485,929.3196754629977,643.4155061418677,107.38422351700001,6002.158390765504,630.2720046365598,
HPCG-Benchmark-Julia_2020-05-01T22:27:38.928.exp,julia,14,64,32,224,2,1,7,0.000146482,25.451175732808238,386.2954567801371,215.8807165572545,189.26631249007025,47.327645854000004,1664.0876576653907,174.68141065590893,
HPCG-Benchmark_3.1_2020-05-02_18-42-25.exp,CPP,14,64,224,32,2,7,1,,2.01302,28.4934,22.0689,16.792,53.3584,117.931,15.5373,5000
HPCG-Benchmark_3.1_2020-05-02_18-48-51.exp,CPP,224,128,256,224,4,8,7,2.38419e-07,7.79932,230.784,160.808,110.833,142.608,724.022,95.4573,5000
HPCG-Benchmark_3.1_2020-05-02_18-44-50.exp,CPP,56,64,128,224,2,4,7,4.76837e-07,6.09944,92.6719,64.9489,48.7809,74.0554,345.656,45.5617,5000
HPCG-Benchmark-Julia_2020-05-01T22:40:29.419.exp,julia,224,128,224,256,4,7,8,0.000168679,64.60624195177098,3365.24493532439,550.1437972016236,401.3923658680029,348.944163294,3704.640464081457,389.0317050708903,
HPCG-Benchmark-Julia_2020-05-01T22:29:15.467.exp,julia,28,64,64,224,2,2,7,0.000174045,35.46478757109764,671.3635789955846,328.8822435601722,266.4866019381932,67.303720967,2367.1997110132675,248.53134657742822,
