name,lang,total-procs,gnx,gny,gnz,npx,npy,npz,reference-iters,time-optimization,time-ddot,time-waxpby,time-spmv,time-mg,total-time,raw-mem-bw,raw-gflops
HPCG-Benchmark_3.1_2020-04-28_17-24-58.exp,CPP,14,128,448,64,2,7,1,5000,2.38419e-07,5.48433,23.2633,20.4742,16.7821,403.877,126.961,16.7357
HPCG-Benchmark-Julia_2020-04-28T18:53:18.946.exp,julia,224,256,448,512,4,7,8,,0.000798111,1.3147104995117798e10,3.0131788219990704e11,2.4613017187533484e11,1.7094137696819644e11,732.4282483940001,1423.7445912793964,1.4957166328880963e11
HPCG-Benchmark_3.1_2020-04-28_17-42-13.exp,CPP,56,128,256,448,2,4,7,5000,,5.55733,81.167,76.4084,53.1159,559.002,370,48.7841
HPCG-Benchmark_3.1_2020-04-28_18-10-31.exp,CPP,224,256,512,448,4,8,7,5000,2.38419e-07,7.50864,151.763,201.788,131.519,1011.35,821.458,108.321
HPCG-Benchmark-Julia_2020-04-28T18:39:31.141.exp,julia,112,256,256,448,4,4,7,,0.0007682940000000001,1.5731874177800182e10,2.350594227692156e11,1.7637495205634982e11,1.3319405314745547e11,442.941843327,1175.4641580258726,1.2348593953274379e11
HPCG-Benchmark_3.1_2020-04-28_17-53-02.exp,CPP,112,256,256,448,4,4,7,5000,2.38419e-07,11.1221,122.542,131.144,93.6621,627.544,661.013,87.1606
HPCG-Benchmark-Julia_2020-04-28T18:19:16.817.exp,julia,14,128,64,448,2,1,7,,0.001073369,4.6681006748234215e9,4.035970247946352e10,2.897576734701142e10,2.5214209221327957e10,280.794968697,229.17632222905115,2.407155551883724e10
HPCG-Benchmark-Julia_2020-04-28T18:24:39.635.exp,julia,28,128,128,448,2,2,7,,0.000556169,7.252015524266741e9,9.307815405014061e10,6.467348348968429e10,5.200873428809858e10,278.50206778700004,464.74954667766286,4.881917338150064e10
HPCG-Benchmark-Julia_2020-04-28T18:31:04.233.exp,julia,56,256,128,448,4,2,7,,0.0014493490000000002,1.210313733551836e10,1.630312600071847e11,1.1116534484889816e11,8.715911882746593e10,332.30123864300003,781.2128954610758,8.206523381544565e10
HPCG-Benchmark_3.1_2020-04-28_17-32-36.exp,CPP,28,128,448,128,2,7,2,5000,2.38419e-07,5.5197,47.5782,41.7955,31.8894,442.453,233.082,30.7292
