5121280
1976371
8810674
9955884
6441719
7204793
7690163
7249756
2233907
13552399
5906356
6718312
10879962
1568315
1434748
13300116
5675121
5557689
5025638
2179520
1574253
7060402
4565671
6827718
1443007
7104254
7226129
6594311
7285315
8890619
2631228
1514251
6807462
1492606
1475158
7122890
7292922
1622569
6768468
6875819
2583240
7173379
6722855
2550300
1156352
6902993
1370528
6863660
9313249
6703242
7151068
1504077
7385669
6804352
6700492
2363800
1456520
7397743
2751880
7085780
7220219
7340478
6405787
7133335
7369656
7246945
7139713
7105743
1321792
7046023
6690637
5991409
7065817
6299497
7134541
13639587
8092870
11990538
6068123
11814208
11920790
11263608
12095648
12196442
8569167
7346422
7548969
7345409
7543464
7588744
6829940
7569946
7348406
9375581
7543885
7644498
9616155
9373059
6764482
8712063
