9672225
8674469
7937630
7695188
6962402
4501891
2022533
2049217
10363608
2099331
2596094
1984515
8632512
2147075
7275223
2140568
7311525
1933645
8583158
1816087
1955694
5434505
2022813
2151610
1961756
8771805
2191978
1970893
2133748
6647823
1925540
2208691
1956102
4165105
2160260
1990815
2017726
2177088
2073528
1972596
2035838
2249983
1823860
2033247
2141214
2886350
1835349
2681484
7753639
1971582
2300354
2143420
1997847
12030382
2009436
2024252
2032655
2135857
2006777
1829109
11992456
7948215
9176353
2069540
2025095
10085381
2451606
2018581
1794961
5776008
2213608
2140869
1848078
5425769
9026740
1984026
2012347
1994280
8617961
1994428
2083919
1801842
2232078
4139315
2123370
7876653
2082602
2168418
1974440
8416078
2153166
2770581
10087458
2200675
1963978
10680338
2030790
2993835
2224208
2021181
