3561330
1690357
1500638
13835464
13595955
13801122
13540847
13506035
13316641
5857433
2307830
3873420
3192708
1570265
8939190
8784061
7064404
14538276
11887065
11890134
11712658
7447412
1379039
6917233
6669714
8924698
1341590
6680791
9373806
8877440
6406137
8244965
8286406
8904548
8896915
3379605
6204001
6444471
7252389
3629051
3248828
3624113
8643170
8658519
1733564
4357331
7257936
7259827
6422058
8131074
6305133
9062144
9132562
1528584
3431692
6591911
7589858
4117959
8749407
8768632
8572227
1783452
3679128
4073857
3935657
6593930
7459002
1625178
9354274
1646566
3480161
3776253
6157404
3723514
8285172
8763149
2733118
4052249
3688382
4133485
1715602
1784639
3775178
6415835
6238657
9623457
3971530
4041149
3936336
5451349
8747304
3649103
1628915
3792105
3791196
6771385
1729089
1651764
1952385
6998676
