9647285
11500997
6960565
6197837
12819611
6122647
13170208
13148600
13951194
5910289
11681041
11881317
5405263
5427326
10818874
11703180
11220530
8881481
5755180
5766472
5866338
5835701
5903502
4610428
1506324
10986501
5433613
5444597
5571312
2197742
1455923
1656088
1578439
1921343
1648442
2005270
1590647
1561187
4205228
9175672
5969429
5841558
5853543
5782878
5838425
5890781
1568327
1651643
1724466
1649254
1632557
2635482
1627332
2475836
1595240
1690146
1568129
1663152
1604558
1656184
1616729
1556422
1592211
1678529
1524962
1966473
2179810
1574083
1511092
1502113
6637026
1475873
1616000
1854996
1457354
1625398
1622864
1469211
1515865
1529479
1595539
2118323
1558908
1490419
3778844
1493556
1561099
1798297
3441659
1682124
1808066
1607957
1577162
1745315
2109655
1665072
2289200
1529994
1638898
6136753
