18752114
3361825
9159008
4580144
16542190
7368059
7693718
14167810
10675462
5963716
11619056
5833953
14856388
10630818
10875696
6373137
10860144
8983274
6241963
6234930
6301590
6219015
5998573
1208682
5898113
1219449
6136737
6574638
6486715
6013938
1407546
6245966
2171681
6345554
6034890
6071749
1564498
1466678
6109017
6365386
6030796
1290303
5876234
6016509
5478808
5593073
5254119
6047252
6332226
1305471
5951915
6261571
6317666
1416640
6146452
8678864
5977435
1332283
1551125
6241941
6360628
6353836
1462636
1963302
5898978
1394174
6487402
2123549
6420639
6600744
6741263
1772848
1722475
6535977
7757064
3248047
1755370
1717644
1954002
1769584
1625578
1722932
1634986
8553215
8580179
8908163
8634020
7431689
13959674
8800029
8331994
9152139
8837514
8956170
8612820
8775739
8344802
8744490
8671198
8746674
