5010721
2222265
2222263
2222263
2235987
2230180
2226722
2232914
2227038
2225952
2232281
2226995
2249111
2228646
2226646
2239231
2222260
2222259
2222376
2222259
2228765
2238064
2226793
2227868
2234262
2222260
2222259
2222257
2222266
2222261
1627968
1333355
1456555
1333354
1392715
1341488
1333357
1431800
1394772
1333355
1717865
1603270
1486143
1481507
1497067
1491100
1481509
1418080
1359162
1333350
1481525
1487642
1481505
1481502
1484249
1481501
1481506
1490517
1481506
1481502
1709149
1493190
1481512
1481508
1485333
1481502
1494338
1481507
1481499
1484843
1600024
1481506
1481507
1486391
1481499
1481505
1486465
1481505
1481506
1495301
1606959
1481499
1489075
1481503
1481502
1485540
1481503
1481506
1490683
1481502
1533890
1481505
1490102
1481507
1485380
1481499
1481505
1503197
1481505
1481509
1481515
1485842
1481505
1481505
1490810
1481505
1481508
1488116
1481501
1490654
1485528
1338646
1333357
1339646
1333356
1333355
1338785
1333356
1339669
1333357
1667991
1333353
1490228
1340261
1333350
1333358
1333352
1333356
1336059
1333356
1576918
1481506
1481506
1489121
1481509
1490886
1481505
1481506
1488371
1481500
1653311
1333355
1354526
1333350
1342159
1333350
1333357
1340455
1333354
1341170
1642367
1333348
1335884
1333357
1333355
1341594
1333356
1335878
1333356
1333357
1545480
1481509
1481509
1484184
1481499
1488978
1481507
1481509
1484553
1481505
1562698
1481500
1481501
1489741
1481502
1481504
1487897
1481502
1481503
1484420
1485958
1481506
1481506
1488541
1481506
1481505
1490004
1481508
1481504
1485851
1481513
1489885
1481502
1481505
1486082
1481502
1481503
1487883
1481506
1487993
1628457
1481507
1484193
1481508
1481504
1490571
1481502
1481507
1488497
1481509
1622992
1481502
1481504
1488185
1481504
1481508
1485658
1481499
1489264
1492358
1707668
1490648
1481500
1481506
1486046
1481506
1492079
1487983
1481505
1486631
1614110
1481500
1481503
1486260
1481503
1481505
1487780
1481505
1489906
1481504
1563584
1489732
1481502
1484243
1481503
1573081
1489978
1481505
1481504
1488629
1630131
1337841
1333350
1339367
1333351
1333354
1333354
1386574
1341800
1333352
1709281
1486571
1481511
1481509
1500600
1481508
1481505
1484448
1481507
1497567
1572531
1333354
1333354
1343513
1333356
1341480
1333353
1333355
1339517
1333360
1446936
1333354
1339334
1333358
1339939
1333354
1333353
1333354
1333357
1340854
1580824
1333354
1341612
1333353
1333353
1333348
1333352
1340874
1333349
1346843
1500917
1481511
1481507
1489751
1481506
1486270
1481507
1481506
1496372
1481504
1571397
1333357
1336054
1333357
1333354
1341861
1333355
1335886
1333356
1333354
1620839
1333349
1341033
1333349
1333353
1333350
1333352
1340827
1333349
1336188
1630241
1333351
1341120
1333354
1333354
1333353
1333356
1339934
1333353
1354774
1541908
1333356
1336402
1333353
1333354
1341552
1333353
1335826
1333348
1477771
1564459
1333351
1333354
1333353
1333357
1340754
1333357
1341937
1333354
1333355
1695902
1481506
1484384
1481506
1481505
1489962
1481502
1481505
1488634
1481504
1481518
1481505
1489659
1481505
1481500
1489446
1481504
1490366
1481504
1481506
1512057
1481505
1488574
1481505
1491275
1481508
1481506
1489016
1481504
1481498
1446506
1333356
1335998
1333356
1339781
1333352
1333359
1336078
1333356
1339963
1634804
1333349
1333355
1333355
1340932
1333360
1337025
1333356
1333354
1333354
1537989
1338287
1333354
1339482
1333356
1333352
1333357
1333358
1341707
1333352
1450097
1333358
1333356
1333349
1333357
1341832
1333357
1343604
1333355
1333355
1451047
1333351
1341311
1333352
1333354
1336716
1333354
1339737
1333349
1333354
1550502
1481508
1481504
1488388
1481510
1491139
1481509
1481508
1488433
1481499
1447246
1333357
1340329
1333349
1341169
1333355
1333354
1337638
1333353
1340974
1559336
1481508
1488492
1481502
1481503
1486899
1481503
1501491
1481506
1481507
1557719
1481505
1486112
1481504
1481509
1488449
1481504
1481505
1489190
1481503
1489209
1481506
1481508
1485757
1481505
1489940
1481504
1481507
1486330
1481511
1515551
1333352
1341598
1333356
1333355
1339383
1333353
1615018
1333351
1333357
1579011
1481507
1481508
1491732
1481504
1490497
1481506
1481510
1487797
1481504
1480304
1333356
1340888
1333359
1333355
1333353
1333357
1339287
1333353
1340033
1537564
1333357
1341490
1333350
1333355
1340530
1333353
1343002
1333355
1333359
1653101
1481505
1481503
1489884
1481500
1481503
1488718
1481507
1481504
1484285
1576694
1333351
1341571
1333357
1333352
1333354
1333356
1342368
1333354
1347555
1481518
1481505
1484278
1481508
1489567
1481506
1481509
1485058
1481507
1481506
1497570
1489926
1481506
1481508
1484751
1499701
1481507
1490884
1481504
1481504
1442502
1333356
1340263
1333354
1341702
1333354
1333352
1339496
1333350
1342114
1444298
1333354
1333349
1333355
1335895
1333356
1341457
1333353
1333359
1335872
1444273
1333355
1333349
1333357
1342703
1333357
1336947
1333357
1333358
1342266
1575248
1333359
1335720
1333355
1340023
1333355
1333357
1333352
1333354
1340817
1696334
1481505
1489601
1481502
1481519
1493921
1481506
1481506
1489495
1481504
1536267
1333357
1340471
1333358
1341647
1333356
1333355
1333349
1333355
1340873
1446210
1351488
1333356
1333358
1333353
1333355
1341711
1333356
1343155
1333352
1445511
1341796
1333353
1335906
1333352
1333349
1342459
1333351
1336352
1333352
1533821
1484284
1481503
1489666
1481503
1481508
1484531
1481506
1481505
1492130
1586074
1333352
1333359
1336277
1333353
1341197
1333356
1333359
1335832
1333352
1658606
1481507
1481506
1489149
1481505
1495613
1481505
1481505
1489227
1481504
1607395
1333356
1342207
1333356
1336330
1333357
1333354
1333355
1333353
1336244
1661872
1481506
1481566
1492171
1481506
1485344
1481505
1481504
1489678
1481503
1651319
1333354
1340846
1333356
1335885
1333355
1333354
1333356
1333356
1335870
1541443
1341820
1333356
1333355
1333353
1333355
1343501
1333355
1336066
1333358
1580434
1486006
1481502
1489249
1489475
1481511
1486049
1481505
1481509
1490398
1514382
1333353
1333357
1335890
1333357
1340996
1333349
1333356
1333356
1333355
1587156
1333356
1335953
1333354
1333352
1341742
1333355
1336644
1333350
1333351
1614518
1333348
1341286
1333354
1333351
1333349
1333355
1342856
1333353
1336463
1662135
1481505
1481508
1490270
1481506
1336775
1333354
1333355
1340261
1333353
1627199
1333353
1341679
1333348
1335900
1333357
1333375
1333356
1333357
1333359
1645887
1333357
1333354
1333351
1333351
1397387
1333349
1336143
1333350
1333350
1444997
1333355
1340912
1333348
1341862
1333354
1333353
1340648
1333355
1340953
1481517
1481506
1490158
1481503
1484796
1481507
1481505
1491990
1481502
1481505
1525399
1492235
1481504
1481504
1489136
1481504
1481503
1484428
1481506
1488623
1442815
1333350
1333352
1340315
1333356
1341564
1333355
1333355
1333355
1333349
1663136
1481505
1481499
1489726
1481502
1484994
1481500
1481503
1490053
1481501
1705512
1481508
1737584
1486386
1481511
1481504
1488483
1481505
1486248
1481507
1580434
1333353
1350847
1333350
1333355
1339037
1333354
1341624
1333352
1333353
1446479
1333356
1333360
1339270
1333354
1340149
1333356
1333353
1339319
1333354
1473487
1333358
1333360
1333349
1333358
1341663
1333356
1340479
1333356
1333349
1611872
1333354
1336042
1333354
1333351
1333354
1333360
1337192
1333350
1340442
1481519
1481504
1489010
1481501
1481502
1485305
1481506
1500173
1481505
1481503
1478241
1341547
1333349
1336118
1333349
1333350
1342848
1333350
1335971
1333357
1546863
1337977
1333351
1333357
1333356
1333355
1338904
1333350
1339315
1333355
1714385
1488266
1481500
1488932
1481500
1481505
1492522
1481499
1481498
1551734
1656519
1333348
1333354
1333349
1333355
1340730
1333357
1340607
1333357
1333357
1520712
1333348
1339356
1333349
1333350
1333349
1333353
1338208
1333350
1341713
1481519
1481499
1489798
1481500
1489294
1481499
1481509
1488086
1481507
1481500
1593062
1481506
1627394
1481502
1481502
1489415
1481501
1487006
1481501
1481503
1653348
1486416
1481498
1481506
1487144
1481499
1481510
1490061
1481509
1481499
1595117
1491312
1481500
1485012
1490324
1481500
1507006
1481505
1481504
1489158
1492614
1481499
1481507
1489775
1481500
1481500
1485313
1481510
1479496
1333348
