3485950
2666713
2666696
2222247
2222428
2222428
2222701
2223012
2222778
2233697
2222341
2222247
2222521
2222246
2222336
2222248
2222608
2222427
2228421
2227465
2222253
2222277
2222328
2222246
2222363
2222246
2222329
2222338
2222348
2222339
2222255
2222325
2222359
2222337
2222323
2229030
2234178
2228100
2232362
2233655
1904878
1904855
1910063
1932674
1910980
1904933
1921294
1905110
1912955
1928791
1921228
1904861
1919571
1927090
1904937
1904803
1922442
1917195
1925609
1936450
1920661
1926999
1910710
1910563
1904808
1904933
1912789
1915918
1919972
1904911
1904791
1915161
1909836
1904783
1904832
1904806
1910338
1925066
1786429
1481620
1909500
1904782
1904785
1904796
1912398
1910277
1904798
1904782
1494515
1487828
1910647
1922947
1904782
1904800
1904783
1910960
1909599
1642171
1481638
1485525
1908956
1915476
1904784
1904861
1905070
1916016
1909134
1904783
1904869
1918026
1904788
1904852
1909317
1915949
1904852
1904782
1904799
1911204
1723245
1481500
1729407
1481498
1481497
1485517
1481521
1511036
1481665
1481582
1488331
1932329
1904823
1910174
1909707
1904881
1904783
1904837
1910886
1917791
1917586
1904860
1904790
1904815
1904831
1909849
1916436
1904864
1904783
1904962
1917442
1909849
1910367
1918614
1904783
1905276
1912823
1919628
1911411
1917006
1904912
1924646
1904794
1914924
1916160
1904782
1904783
1904954
1919646
1913781
1918705
1905018
1904790
1904782
1904833
1909629
1911915
1904832
1904784
1905189
1932020
1919957
1908927
1914911
1904915
1904783
1909616
1916348
1909229
1904789
1921596
1927942
1904815
1915890
1917446
1904834
1904782
1913722
1910146
1908834
1493305
1732078
1904813
1904837
1915083
1908975
1904782
1905191
1904993
1909128
1922511
1904835
1715560
1481522
1493235
1481497
1481497
1487417
1481740
1481545
1491478
1481497
1909291
1908992
1904790
1904911
1635106
1485400
1481544
1481498
1493893
1582761
1719384
1507032
1481559
1481558
1487336
1481514
1481553
1493504
1481619
1481575
1904790
1904833
1904783
1911351
1910699
1904829
1904861
1911383
1916540
1918885
1734168
1481607
1481497
1491309
1481497
1481549
1485761
1481681
1493947
1481521
1716130
1485670
1481799
1487511
1490116
1481563
1488904
1481498
1481559
1494786
1719938
1493262
1491819
1481516
1761325
1494218
1481497
1488549
1481497
1481559
1715416
1481497
1493464
1481544
1481497
1490924
1481546
1481497
1485020
1425732
1668994
1333348
1333448
1333368
1333348
1337778
1333376
1339220
1333449
1333720
1916795
1910643
1916440
1905101
1904784
1910975
1909376
1916510
1481620
1501405
1904811
1904782
1910381
1910354
1904860
1904839
1904861
1911064
1935059
1904843
1740547
1481510
1756094
1485362
1482018
1486417
1481647
1481620
1489331
1482091
1909450
1908757
1904783
1904835
1904810
1910439
1914889
1904852
1917849
1904965
1904837
1909799
1910389
1916133
1904782
1904886
1909153
1923225
1923385
1904836
1719055
1481543
1487677
1481514
1481545
1496674
1481697
1482031
1492017
1481550
1723185
1481544
1481497
1492074
1481572
1481498
1491256
1481523
1488439
1481558
1904844
1910081
1918086
1904833
1904782
1904809
1918421
1911201
1905431
1904832
1721472
1481498
1486477
1481497
1481559
1487307
1481545
1500435
1481730
1481497
1730759
1481680
1485233
1481513
1481550
1490710
1481516
1481498
1486590
1495999
1723454
1481546
1481548
1485513
1481498
1481569
1496711
1481497
1485397
1485634
1731303
1481669
1481498
1490411
1481567
1481498
1487080
1481694
1481619
1494750
1712890
1492688
1481498
1481729
1486158
1481763
1481543
1498982
1481586
1481556
1904799
1904812
1916041
1909402
1910290
1904834
1904861
1929788
1502509
1481498
1909117
1904835
1904783
1928266
1908910
1910072
1904861
1904915
1923747
1914662
1724073
1481526
1481498
1487733
1481528
1481498
1492872
1481519
1481498
1494972
1904812
1923266
1909532
1904798
1904861
1904832
1911899
1916033
1921649
1904798
1731368
1481546
1490797
1481498
1490889
1481519
1481499
1493349
1481644
1481557
1660249
1333372
1338467
1333399
1346753
1333348
1333392
1344515
1333514
1347719
1737012
1481498
1481546
1488825
1481501
1481549
1488295
1481559
1481908
1502163
1728252
1491127
1481498
1481497
1501642
1481584
1492557
1481611
1481641
1505980
1904840
1904799
1915331
1909585
1908501
1904782
1904835
1911074
1912809
1626404
1728206
1481499
1492923
1481583
1481498
1489184
1481520
1481797
1495716
1481641
1724049
1481497
1481534
1486000
1481497
1481498
1487258
1481497
1481527
1775977
1708059
1490481
1481547
1481498
1684948
1481546
1481498
1491719
1481545
1481560
1904789
1904865
1926762
1910891
1911957
1904782
1904782
1922252
1504756
1481559
1909201
1904782
1904782
1920508
1915110
1910516
1904913
1910352
1904782
1905017
1713553
1481499
1491883
1481567
1481501
1493663
1481840
1493708
1481558
1481655
1915551
1910494
1904832
1904783
1913018
1909476
1904783
1914867
1481678
1487639
1710494
1488393
1481510
1481497
1496106
1481509
1488165
1481606
1481513
1495842
1712627
1481511
1485731
1481544
1485230
1481498
1481543
1486937
1481617
1481545
1737575
1481498
1490649
1481513
1481498
1485813
1481522
1481497
1493657
1481516
1729311
1481550
1481511
1503228
1481546
1481509
1488433
1481605
1481651
1763821
1707404
1488164
1481497
1481547
1494579
1481497
1491907
1481569
1481559
1495112
1703388
1481497
1486145
1481518
1486299
1481543
1481498
1488037
1481708
1481575
1707753
1481548
1491293
1491340
1481547
1487272
1481497
1481543
1499700
1481497
1858792
1488039
1481497
1495712
1481514
1481497
1493151
1481517
1481557
1488286
1719795
1490328
1481608
1481510
1491138
1481545
1481515
1486983
1481668
1481497
1904785
1904833
1904785
1916542
1917309
1904783
1904863
1905071
1919383
1914861
1717569
1481524
1481497
1486734
1481509
1481498
1511273
1481513
1489405
1481606
1706011
1492613
1481549
1481521
1487578
1481549
1487844
1481619
1557860
1774112
1904800
1642239
1673871
1481522
1604271
1485007
1481532
1481546
1491601
1498198
1702973
1481497
1487853
1481545
1481497
1502526
1481547
1481681
1489267
1481549
1707033
1481527
1481545
1485595
1481529
1481545
1490340
1481686
1495170
1481559
1703919
1481547
1481497
1499144
1481545
1481497
1486162
1481551
1481558
1487374
1701624
1488007
1481559
1481578
1494615
1481497
1481546
1487646
1481618
2177041
1904783
1910607
1915324
1909534
1904831
1904782
1915544
1909830
1805102
1481498
1732593
1481498
1481497
1486150
1481498
1481498
1491373
1481498
1481497
1486512
1904782
1904785
1911249
1909230
1904783
1904782
1904783
1909651
1932011
1904782
1741012
1481497
1481498
1486795
1481497
1492907
1481497
1481498
1490727
1481497
1720442
1486796
1481497
1481497
1498054
1481499
1487001
1489322
1481498
1490745
1904783
1481498
1486762
1481498
1481498
1492149
1481498
1620452
1490109
1481497
1489829
1481497
1481497
1491159
1481497
1481498
1486601
1481498
1491447
1481497
1481498
1487573
1481497
1481497
1491357
1481498
1481497
1492381
1481498
1490471
1486395
1481497
1490169
1481497
1481498
1487778
1481497
1481497
1490553
1481497
1481499
1486405
1481498
1481498
1491964
1481498
1488308
1481498
1481497
1486170
1481497
1486423
1481498
1481497
1491011
1481497
1481497
1489194
1481498
1481497
1481499
1481500
1485548
1481498
1481497
1492531
1481497
1498055
1481498
1481497
1489768
1481498
1490975
1481497
1481498
1489982
1481498
1481498
1485814
1488768
1485478
1481497
1481497
1491496
1481498
1481498
1489040
1481497
1481498
1485776
1481500
1486124
1481498
1481497
1490564
1481497
1486816
1481498
1481498
1495795
1481498
1490160
1481498
1481498
1485965
1481497
1503046
1491373
1481498
1493299
1481499
1481498
1490925
1481497
1485395
1481498
1481498
1494399
1481497
1481498
1449797
1333348
1340535
1333348
1341970
1333347
1333348
1340858
1333347
1343148
1490034
1481498
1481497
1489399
1481497
1492510
1481499
1481498
1489428
1481497
1489108
1481498
1481498
1485732
1481497
1481499
1488791
1481497
1481498
1486973
1446447
1338874
1333347
1341870
1333348
1333347
1342489
1333349
1344664
1333348
1446428
1333348
1333348
1333347
1343797
1333349
1342667
1333348
1333347
1340687
1481503
1481497
1485579
1481497
1481498
1491650
1481498
1481497
1489461
1481497
1450027
1333348
1342290
1333349
1348430
1333347
1333349
1344119
1333347
1337080
