2877745
2900409
2246438
2249451
2259752
2280430
2273759
2278905
2274109
2294410
2222287
2224512
2226027
2223471
2223282
2222270
2230737
2255103
2231806
2238498
2233459
2222249
2223253
2223083
2222787
2222427
2230064
2241342
2233560
2231121
2222359
2222520
2223427
2222974
2222337
2240761
2247324
2260364
2260424
2238891
1904808
1905017
1914553
1923507
1905098
1905649
1904938
1920983
1911310
1905175
1904807
1904940
1905110
1921783
1930115
1904782
1904912
1904881
1919080
1912555
1923550
1912241
1911483
1904861
1905032
1910953
1918112
1917691
1904859
1904800
1904782
1904801
1912422
1911780
1904862
1904880
1904860
1917524
1919151
1905407
1904801
1904860
1904782
1923883
1911871
1904958
1904860
1905035
1911241
1919312
1909044
1916273
1922984
1904938
1904862
1914227
1917806
1911237
1904878
1904860
1904785
1904782
1905039
1911276
1915684
1905017
1904938
1905215
1912566
1919581
1904800
1904784
1913538
1929291
1912836
1905269
1905304
1919005
1916936
1905502
1904783
1904861
1913496
1917976
1904937
1905263
1905096
1912542
1917864
1905408
1915806
1904784
1904861
1905330
1919891
1918165
1905639
1905244
1904860
1913433
1915072
1919679
1912866
1904803
1905094
1911747
1922222
1920242
1905253
1904861
1908482
1904940
1904861
1904801
1912102
1919590
1905114
1904783
1905344
1920269
1908565
1904861
1904957
1921806
1913349
1915153
1905016
1905152
1916154
1912459
1904800
1904860
1913475
1918384
1920406
1905173
1904878
1912033
1918808
1911346
1909647
1904783
1905162
1922510
1919966
1913698
1905055
1904940
1913283
1911411
1904782
1913572
1921031
1904860
1905037
1904960
1927933
1913473
1904860
1904939
1904785
1904971
1904860
1910935
1921714
1904938
1905266
1904938
1910834
1929289
1909277
1919600
1904958
1904783
1905290
1920328
1916762
1904939
1904958
1904940
1904803
1904828
1913358
1917779
1919468
1904939
1905331
1912344
1918279
1911026
1915566
1911828
1905037
1905015
1905236
1913889
1913423
1904860
1905289
1904938
1915155
1921024
1917251
1905200
1905112
1912443
1912727
1920154
1905502
1906272
2241498
2374260
2371058
2107608
1912100
1905372
1905742
1906141
1914543
1919595
1904784
1917010
1911937
1904880
1904937
1905670
1912595
1911230
1905094
1904860
1904785
1904782
1905111
1912129
1918353
1904940
1905393
1905091
1919952
1911017
1915621
1928475
1905070
1905523
1905093
1914608
1911761
1905089
1905577
1904937
1904807
1904861
1912930
1919127
1904801
1905016
1905347
1918896
1914693
1904861
1916779
1916851
1905035
1905322
1918318
1915411
1910964
1904939
1905015
1911749
1904803
1919189
1912295
1918822
1905397
1904955
1913454
1911899
1904858
1905194
1916781
1904801
1905096
1912635
1913487
1918585
1905289
1905097
1911658
1930304
1911187
1912180
1905037
1904934
1905498
1913051
1929160
1905176
1905514
1904955
1904787
1904802
1921200
1920491
1915126
1905564
1904980
1918305
1912148
1919122
1917981
1913293
1904880
1904941
1918875
1918743
1924868
1904783
1904803
1911199
1904802
1904782
1915065
1911923
1904957
1905018
1905183
1918865
1919637
1904957
1911164
1904801
1904939
1904801
1919014
1920782
1905007
1905170
1905173
1918101
1904782
1921321
1920971
1905018
1904958
1904936
1918261
1912275
1905298
1904804
1904784
1911741
1919909
1904956
1904940
1905025
1919127
1912806
1905253
1905329
1904801
1904784
1905035
1911593
1921359
1905097
1905113
1905738
1917425
1913517
1915211
1911230
1904958
1905016
1905192
1920783
1911338
1905172
1905055
1905249
1904805
1904861
1913626
1920552
1917399
1905170
1905405
1931596
1911874
1921237
1909242
1910826
1905018
1904804
1905097
1922124
1918149
1905407
1905036
1905017
1904804
1904782
1921379
1917352
1905381
1905029
1904860
1913119
1912534
1905372
1909247
1904783
1904802
1904940
1912398
1929073
1904862
1905268
1905637
1917745
1904783
1921346
1913171
1911666
1904959
1904935
1913447
1918146
1919071
1905114
1909954
1904783
1904802
1912088
1917969
1921459
1905091
1905094
1911130
1918829
1918022
1912134
1922319
1904957
1905325
1913222
1918614
1919806
1905017
1904939
1904783
1904829
1913320
1919507
1920594
1905270
1905096
1918990
1922799
1912626
1920383
1910892
1904953
1905330
1904951
1913114
1911765
1905348
1904861
1904950
1904783
1904987
1914896
1911558
1904956
1913600
1904784
1905500
1905014
1920220
1904786
1904801
1913078
1921963
1904862
1905182
1904785
1919720
1917474
1904881
1917518
1904802
1904939
1905008
1929228
1920742
1905360
1904955
1904873
1910962
1904801
1904783
1911959
1920340
1918983
1904802
1904938
1911593
1917738
1904862
1910942
1904784
1905017
1904957
1912340
1919504
1904936
1904910
1905033
1919303
1904800
1911181
1931582
1911336
1904940
1905092
1919323
1913030
1910152
1904805
1911362
1904881
1904938
1921135
1911713
1912691
1905352
1905038
1920108
1912993
1917657
1911736
1912272
1904880
1904782
1912920
1921169
1919086
1904939
1904939
1904802
1904784
1913348
1919078
1918816
1904862
1905036
1911424
1918856
1904858
1910428
1928580
1905113
1904784
1913600
1918960
1911023
1905253
1904880
1919408
1904782
1911770
1921976
1911557
1905034
1904861
1919369
1918135
1911514
1904938
1904785
1904879
1904861
1920429
1921562
1905165
1904862
1904956
1912492
1911805
1917121
1912182
1904860
1905105
1904861
1912548
1911959
1904783
1905082
1905113
1904803
1904782
1912093
1911712
1904784
1904880
1905535
1912384
1930323
1904957
1911191
1904959
1905095
1904803
1911762
1920412
1905094
1904956
1905320
1918149
1904784
1911572
1920788
1912030
1904879
1905196
1919656
1917975
1914363
1905410
1912175
1904862
1905276
1904783
1910390
1920660
1905511
1905018
1905115
1910708
1904802
1912055
1920473
1905036
1904782
1904880
1923825
1920022
1904861
1905034
1904782
1904879
1905249
1912237
1919549
1905016
1905104
1905018
1920035
1911744
1910728
1923378
1905799
1905096
1904858
1927582
1913569
1905408
1905111
1905016
1904784
1904861
1905018
1910895
1919529
1904955
1905018
1905015
1924192
1912561
1910550
1920243
1905427
1905249
1905111
1920360
1911597
1904880
1905019
1904941
1904782
1904783
1922150
1912028
1905019
1905113
1904937
1912298
1918519
1905093
1911516
1904782
1904783
1904955
1910253
1921548
1905169
1904880
1905092
1910546
1904801
1910485
1920587
1905080
1905018
1905016
1911147
1918715
1905253
1905096
1904782
1904880
1904936
1911794
1918872
1904881
1904986
1905146
1919690
1911687
1911077
1928549
1905018
1904879
1905252
1918798
1911359
1905408
1904801
1905015
1904783
1904782
1920453
1917613
1905312
1905094
1904879
1912284
1912652
1904803
1911234
1904801
1904785
1922109
1911396
1914093
1904956
1905328
1912043
1925043
1917205
1910843
1919704
1905096
1904956
1911608
1912648
1918653
1905115
1905251
1904785
1904801
1914198
1910875
1920673
1905188
1904861
1920059
1919425
1912940
1911043
1918245
1905885
1904864
1905001
1920675
1912208
1905249
1905034
1904914
1904800
1904784
1921426
1912450
1905110
1904938
1905035
1921965
1918768
1904939
1912155
1904784
1905728
1905014
1911690
1913661
1905298
1904801
1905097
7189900
1908688
1929859
1905169
1904800
1905734
1920262
1911135
1905240
1904784
1905172
1904782
1904785
1922018
1912548
1905254
1904937
1905545
1912659
1921158
1905174
1911661
1904784
1905039
1904861
1919904
1912658
1904940
1905035
1905091
1910513
1904783
1918654
1913062
1919980
1904837
1905537
1913201
1919146
1911180
1904939
1918504
1912404
1912101
1904937
1904959
1912399
1919313
1920310
1905094
1905291
1904783
1904958
1904938
1919041
1920982
1905223
1905093
1905194
1919217
1911950
1918323
1929542
1904958
1904861
1905145
1920052
1911208
1904958
1905252
1905038
1904801
1904861
1922671
1916920
1905664
1904861
1905001
1911996
1911784
1905265
1916088
1904802
1905326
1904880
1912392
1911692
1905217
1905017
1905034
1918037
1904799
1913021
1911501
1904783
1905096
1904860
1920445
1918981
1904957
1905249
1916167
1904783
1905037
1904862
1918559
1918873
1905094
1904957
1905434
1912633
1904784
1931854
1912625
1905192
1905018
1905561
1914454
1913204
1905249
1905095
1915321
1904878
1905093
1912937
1911973
1919817
1905085
1905328
1912410
1919623
1910846
1910670
1929883
1905097
1904956
1912482
1932520
1912940
1904915
1905197
1904800
1904783
1925662
1920837
1921518
1904860
1905037
1919628
1911966
1913828
