3372134
2673140
2678566
2225622
2227450
2245798
2234851
2236546
2244604
2235894
2222284
2222252
2222980
2224709
2223602
2223324
2243451
2241505
2232619
2242998
2227536
2222521
2222256
2222708
2222622
2222527
2242585
2227875
2241041
2232475
2233287
2232973
2227580
2234736
2227381
2227657
2222430
2230497
2222255
2222441
2222259
2222519
2233310
2227469
2229129
1563898
1481682
1730893
1492701
1481536
1904805
1909190
1913655
1908925
1904938
1904790
1916896
1910051
1908530
1904916
1909151
1914158
1909347
1904860
1904869
1924902
1909997
1670025
1521686
1489766
1904792
1904802
1904868
1908756
1914581
1904881
1904787
1904790
1916087
1909258
1909561
1914472
1908951
1904783
1905020
1917105
1921505
1908621
1904782
1904790
1908873
1904783
1904790
1923905
1909397
1911479
1904909
1904790
1910656
1914045
1904793
1909242
1915398
1904864
1904959
1904790
1919848
1915382
1904802
1904790
1918317
1910158
1904861
1904881
1904791
1910095
1912666
1904881
1904791
1904791
1724591
1733419
1485261
1481740
1779547
1486308
1481638
1768300
1590113
1481498
1915015
1481497
1481503
1686965
1481639
1481565
1680273
1481499
1606405
1485538
1724576
1737416
1481517
1481505
1716695
1481498
1481517
1704839
1481620
1585490
1913315
1904803
1904787
1909722
1915472
1908686
1904861
1904790
1917869
1909609
1723705
1698096
1481498
1587347
1491080
1481620
1620011
1484965
1481570
1638101
1730792
1481497
1765927
1481517
1481503
1485910
1481498
1506363
1489967
1481558
1730232
1539960
1484904
1481498
1562470
1769427
1481638
1481505
1780593
1532823
1895966
1481519
1481503
1773102
1481620
1481564
1751256
1481497
1536609
1516819
1715697
1748725
1481497
1534627
1485541
1481497
1580069
1486942
1481684
1631812
1720823
1618536
1490285
1481498
1630226
1712829
1481497
1481625
1693738
1481517
1898332
1481501
1481503
1645350
1481497
1481563
1616743
1481497
1668805
1517275
1914734
1908986
1916668
1904787
1905021
1914104
1911276
1914148
1904862
1904952
1730003
1775660
1485397
1481640
1767191
1481559
1481501
1485729
1481497
1528650
1904803
1904787
1904790
1909980
1932370
1904782
1904790
1904946
1917270
1916283
1910360
1481497
1630584
1492644
1481499
1658237
1486947
1481554
1669320
1677586
1727800
1485452
1481498
1764552
1612069
1481517
1481503
1574729
1481557
1481576
1715522
1481504
1529090
1481575
1485395
1492678
1481497
1760261
1485949
1481682
1781543
1481518
1737980
1485682
1481558
1775676
1489139
1481497
1765233
1581352
1919271
1909009
1904783
1904805
1905175
1912251
1916378
1905016
1905023
1904881
1718276
1773399
1481559
1481637
1775607
1481559
1481562
1487263
1481619
1526927
1904792
1904782
1904800
1909369
1915234
1904782
1904880
1904787
1795576
1481619
1718241
1481497
1636390
1708352
1481578
1481503
1698209
1481558
1481518
1674378
1718333
1667309
1481518
1481503
1650824
1481498
1904880
1492297
1481498
1586146
1718149
1662608
1485301
1481557
1695368
1487145
1481498
1701413
1653976
1541100
1914395
1904784
1904790
1905097
1916655
1913278
1904860
1904870
1904955
1910839
1904873
1917241
1909683
1904958
1904868
1919085
1917014
1921802
1904782
1905024
1720558
1703502
1490195
1481517
1729456
1485001
1481497
1733237
1614393
1481498
1718846
1481497
1767535
1583577
1481807
1481565
1545975
1481497
1481505
1513721
1731075
1485206
1481654
1485400
1481557
1497264
1759815
1485536
1481681
1801759
1904792
1922838
1909651
1909561
1905092
1905012
1922141
1910214
1922229
1905192
1731217
1584945
1491145
1481517
1604739
1749843
1481622
1481516
1733754
1543067
1912278
1481518
1481503
1653487
1481681
1481577
1627096
1481497
1658486
1519543
1914513
1908803
1481497
1568192
1492771
1481497
1604927
1485872
1481498
1823866
1904782
1694787
1626709
1481498
1661765
1500413
1481775
1685311
1485129
1630561
1908993
1904784
1628291
1485940
1481580
1658330
1696201
1481633
1481552
1729291
1913828
1481498
1540006
1491100
1481921
1579305
1485258
1481558
1596774
1746869
1726007
1484823
1481517
1673503
1686336
1481497
1481579
1658417
1481558
1481625
1904803
1904789
1909307
1917711
1905016
1904801
1904790
1910111
1916648
1904782
1777826
1481499
1771864
1485948
1481639
1771413
1491081
1481622
1762514
1567086
1871042
1481499
1481503
1771979
1481516
1481504
1485804
1481497
1568541
1484931
1724721
1486037
1481516
1653651
1489208
1481498
1664031
1677478
1481955
1481687
1904802
1904792
1920664
1915702
1915612
1904880
1904869
1909656
1914317
1913875
1725021
1481499
1715253
1485451
1481822
1721443
1630693
1481497
1481517
1595745
1773484
1562246
1481517
1481504
1528810
1481498
1485987
1481558
1481501
1564212
1726534
1678411
1481519
1481565
1642273
1481498
1481825
1623456
1481561
1908025
1904804
1904790
1914835
1916468
1911138
1904860
1904790
1910177
1909099
1904782
1909753
1904861
1904790
1904881
1909169
1915633
1904862
1904870
1910090
1909018
1798953
1555008
1481498
1481563
1535657
1481640
1486803
1481498
1481564
1772634
1721658
1489497
1481499
1528539
1764352
1481619
1481849
1775338
1481497
1481564
1726811
1481504
1773559
1481559
1481565
1761597
1481516
1526802
1485950
1481832
1908685
1916174
1904783
1904790
1911291
1908809
1915013
1904858
1904883
1909408
1904794
1909128
1908797
1904783
1905103
1904870
1910677
1916472
1765853
1537895
1716825
1481502
1612247
1481678
1481625
1598598
1747449
1697636
1486302
1481776
1908823
1904783
1904943
1904790
1910612
1914746
1904862
1904790
1904788
1915016
1812554
1484793
1481560
1777167
1544716
1481619
1487376
1515759
1481558
1485484
1904786
1904805
1908899
1913907
1904782
1904951
1917088
1915373
1836561
1481519
1728359
1507327
1758379
1481557
1481517
1787976
1481498
1481627
1765812
1564120
1820236
1489483
1481497
1762480
1519750
1481498
1492090
1481560
1481504
1485930
1721157
1485271
1481516
1481503
1485933
1481497
1509795
1778486
1485472
1481559
1909108
1904783
1904790
1904868
1910516
1909717
1904861
1904790
1914738
1909405
1904792
1909418
1919911
1904861
1905022
1909675
1911548
1914196
1905110
1904792
1714802
1481504
1612011
1481833
1481941
1593486
1481497
1691868
1486638
1481517
1908087
1481498
1619095
1485850
1481638
1650991
2064376
4537676
2936556
2358435
2234880
2228298
2234117
2229381
2222614
2222902
2222617
2222936
2222528
2234059
2233287
2232972
2227691
2228511
2222247
2222348
2222255
2222256
2222303
2228126
2222260
2222305
2222257
2222256
2233814
2226776
2241947
2234133
2227972
2227320
2232905
2235252
2244287
2235191
2229169
2222876
2223217
2222590
2222255
2222438
2227082
2223021
2223128
2223165
2222895
2222694
2232662
2236323
2227134
2231974
2227544
2227305
2251321
2227700
2229285
2234352
2223260
2222256
2222341
2222420
2231746
2223156
2222531
2222761
2222727
2222982
2228471
2226788
2241541
2227895
2228986
2233407
2227289
2235198
2234073
2227801
2223090
2222256
2222326
2222342
1782326
1397643
1401759
1333347
1491530
1333364
1394510
1414733
1333349
1468614
1702473
1481497
1422019
1373066
1347061
1461546
1333365
1418334
1393064
1333349
1646889
1393607
1333348
1505573
1333395
1400012
1408852
1333348
1495007
1333394
1691000
1405904
1390042
1333349
1483232
1333349
1404721
1406634
1333402
1495689
1727287
1481497
1481524
1486542
1481544
1481564
1486951
1481567
1491275
1481511
1653996
1401218
1333347
1499842
1333403
1400819
1417022
1333424
1488485
1333351
1693360
1333395
1490726
1333476
1387395
1426859
1333367
1460203
1333526
1371752
1747943
1490192
1333538
1490321
1333394
1429470
1434843
1333627
1460396
1333451
1638307
1471984
1333402
1378392
1427573
1333347
1459202
1333394
1369893
1445596
1699717
1333367
1455885
1367280
1363779
1445075
1333504
1443585
1372109
1348762
1638542
1400872
1333395
1501411
1333367
1394104
1413845
1333349
1472259
1333723
1685993
1400981
1400058
1333470
1493438
1333366
1395592
1413579
1333348
1472478
1716188
1333349
1445977
1360611
1357924
1449387
1333529
1431578
1379095
1345897
1708182
1486435
1481498
1431943
1362939
1356121
1452383
1333347
1430101
1375092
1643543
1434124
1370046
1351015
1471650
1333366
1422397
1384419
1333457
1476374
1698741
1481498
1431887
1363752
1357708
1456693
1333347
1429667
1377803
1333347
1645205
1406384
1333511
1481348
1333400
1402640
1411718
1333962
1492986
1333371
