4032117
1929361
1931078
1933468
1942418
1945463
1942448
1945595
1946507
1953273
1942342
1928878
1925609
1918426
1920371
1930525
1925472
1934012
1928342
1928867
1905783
1909612
1914669
1922463
1968580
1949706
1968334
1972419
1960348
1963755
1921304
1942307
1927895
1928566
1937850
1940751
1942738
1940628
1946191
1960435
1911515
1929378
1937762
1941367
1938114
1954948
1958276
1942413
1946095
1958060
1905812
1917357
1945444
1929412
1920234
1920739
1932390
1934509
1921618
1939181
1911042
1928235
1909393
1915072
1924907
1928576
1930888
1925712
1933750
1934136
1922404
1923865
1921654
1925214
1931877
1940219
1943324
1946983
1946991
1951899
1905789
1905326
1907106
1914888
1919948
1918954
1920397
1928297
1926979
1937058
1911611
1912636
1912302
1920640
1924700
1926106
1927987
1927062
1934859
1941041
1911346
1907189
1905773
1928003
1943751
1940808
1945225
1946254
1938070
1956407
1922190
1911178
1910276
1912573
1912180
1913647
1922993
1928485
1933660
1935448
1905869
1906277
1906213
1906714
1905436
1915087
1916737
1918910
1924636
1936097
1906028
1907355
1905873
1935740
1925145
1940530
1947170
1939412
1939235
1954816
1905796
1910422
1910473
1924403
1937824
1932333
1931957
1929381
1940547
1936748
1905788
1905249
1906362
1914783
1914718
1909820
1911047
1906930
1908257
1937010
1905801
1906349
1913629
1922331
1923160
1929123
1925010
1926551
1928801
1948700
1911548
1929155
1930177
1942313
1919539
1914995
1922312
1927819
1930821
1935721
1912219
1928255
1928674
1935908
1969789
1927465
1940124
1943184
1952811
1954870
1905857
1912138
1913445
1914232
1913857
1917497
1919040
1939507
1944150
1938874
1905927
1907032
1910311
1915103
1920045
1932032
1943945
1959703
1954595
1977043
1905899
1911863
1905553
1905737
1905073
1933847
1927690
1916489
1915115
1935261
1905814
1905625
1919955
1921901
1946341
1954032
1949591
1963831
1975077
1973402
1905796
1913422
1926288
1942172
1936932
1956182
1974900
1959395
1968579
1990404
1905791
1906133
1934358
1928970
1926910
1936711
1940635
1931728
1942495
1931565
1905151
1931008
1925382
1929334
1941019
1933010
1933131
1966226
1947293
1946189
1911403
1938715
1924412
1925361
1946818
1931381
1932116
1940248
1944785
1942125
1923442
1916950
1917704
1935559
1934228
1912817
1910838
1907826
1906060
1908236
1916371
1935345
1944718
1943679
1950318
1964865
1949145
1956103
1967972
1979863
1912802
1937135
1934061
1943031
1956752
1945091
1952690
1955765
1959303
1961701
1910492
1936099
1932681
1929344
1925042
1944568
1919365
1918054
1921329
1932539
1912772
1933678
1935051
1943259
1953956
1961564
1949448
1957705
1969363
1975273
1921541
1916488
1917077
1942600
1920258
1925429
1920115
1920136
1930546
1934155
1913492
1924483
1939148
1933842
1935271
1931259
1932201
1929594
1934923
1940253
1905669
1917291
1919151
1905442
1931973
1939874
1936433
1946110
1931475
1937973
1906252
1905848
1906020
1905326
1909123
1913350
1939309
1925098
1922167
1931668
1905808
1908140
1906052
1908631
1914504
1925785
1951071
1941641
1948774
1945870
1906052
1914194
1915974
1920913
1929754
1935427
1956132
1968938
1975028
1971110
1905580
1905699
1912055
1910190
1913784
1934394
1946883
1938841
1944430
1975819
1905977
1907786
1913128
1920572
1919037
1941692
1930556
1937650
1951701
1946009
1905814
1906635
1908730
1912243
1943830
1949599
1944339
1958925
1954850
1961500
1905824
1915280
1920265
1929876
1946250
1949260
1981085
1961713
1969629
1986893
1905852
1905818
1912375
1917099
1931733
1927810
1931469
1920315
1933300
1924948
1905950
1912301
1911556
1934516
1941930
1932126
1934396
1947926
1948264
1936870
1905776
1905767
1915834
1930692
1940827
1931798
1950108
1936255
1936804
1949547
1905813
1905504
1929716
1918555
1919894
1936140
1935343
1933053
1933636
1923174
1905559
1905778
1909625
1912053
1908740
1909596
1911572
1930384
1914843
1927857
1905838
1908290
1912398
1909495
1918438
1917006
10187655
1964135
1960324
1973917
1905843
1916488
1915096
1918748
1922372
1926992
1923637
1925070
1923530
1946991
1920507
1927656
1920481
1932865
1930464
1927926
1941994
1919114
1928222
1935059
1913584
1922054
1942053
1941154
1935734
1948445
1946695
1938405
1939105
1949975
1923765
1934000
1920253
1918720
1942585
1935089
1948918
1972270
1944719
1937909
1924823
1933763
1928466
1938977
1928815
1928529
1944870
1944299
1934931
1922976
1914321
1915259
1937493
1941435
1927140
1932347
1924649
1924330
1939291
1920275
1905808
1907366
1906930
1907467
1911971
1916529
1915167
1910850
1915469
1920716
1905778
1909791
1910451
1914914
1918608
1927005
1923347
1922424
1924015
1935140
1905831
1908874
1907970
1909986
1920505
1925517
1926205
1932154
1941224
1969165
1905776
1907940
1908663
1908141
1905591
1907896
1905943
1909440
1906816
1919089
1905790
1912884
1910816
1915670
1915597
1920629
1926109
1905701
1919151
1912182
1905887
1907938
1909816
1913043
1905647
1912214
1915917
1916132
1916357
1918212
1905576
1912212
1922547
1928080
1929791
1934816
1938767
1936239
1941726
1961689
1911506
1933182
1931797
1947622
1956848
1947209
1959747
1978458
1960644
1964584
1905799
1911931
1913644
1923592
1925623
1934529
1938961
1949560
1968224
1966802
1905755
1909986
1918987
1935721
1933822
1967496
1969718
1959423
1980604
1976651
1905787
1909833
1912263
1944138
1946114
1929062
1936510
1960240
1968033
1953238
1906020
1911192
1928002
1963711
1942152
1936715
1953599
1953779
1953379
1988891
1905786
1908044
1927970
1948457
1950807
1943473
1974220
1957733
1964140
1999058
1905790
1910783
1918508
1925905
1935577
1945972
1950432
1943729
1962277
1950251
1906000
1909761
1920448
1931971
1934712
1933213
1933221
1946112
1957078
1956601
1905819
1908497
1917319
1930007
1934897
1927010
1939942
1933739
1945961
1956964
1905811
1931138
1929514
1937390
1965426
1951779
1949681
1967037
1955190
1967225
1905811
1917186
1930378
1944732
1942945
1946315
1955013
1962295
1963284
1975123
1905991
1914019
1952391
1933791
1940173
1940976
1932313
1939456
1952948
1953791
1913825
1951114
1927475
1928614
1938543
1935655
1932943
1958115
1939075
1940760
1911619
1922338
1957923
1937007
1936246
1952807
1943173
1942928
1947927
1957703
1911940
1919554
1908860
1912804
1921197
1931237
1934789
1934102
1934828
1936234
1912830
1909501
1914850
1917335
1923410
1918532
1917684
1919659
1923744
1931678
1922379
1912195
1918003
1916700
1925633
1964474
1945202
1949549
1963805
1960394
1923150
1941491
1939478
1959335
1953614
1949795
1953468
1956833
1962224
1974237
1905788
1915648
1915599
1913704
1912643
1922107
1937894
1956230
1952917
1961760
1905825
1912397
1915015
1914413
1913713
1928859
1939048
1930451
1932804
1958112
1905794
1910394
1912960
1916520
1921722
1919815
1952808
1940664
1954461
1963277
1905775
1911576
1905576
1926417
1923706
1934161
1932739
1945391
1936365
1942598
1906141
1910730
1911730
1918135
1917551
1933642
1967686
1953276
1953867
1966867
1911307
1932943
1933617
1922079
1937626
1915336
1910828
1907284
1911647
1919862
1933690
1923549
1920767
1953699
1931494
1928635
1916469
1916543
1919585
1920831
1905955
1909702
1909951
1916016
1920062
1945182
1939834
1961916
1959452
1977210
1905783
1912523
1916019
1916042
1915687
1937038
1939901
1924149
1929140
1937796
1905765
1908869
1909825
1909392
1910062
1934763
1928885
1937957
1948603
1933805
1905787
1910199
1910008
1916678
1916796
1932715
1936668
1960148
1954219
1965189
1911533
1927304
1935881
1931130
1946531
1933341
1932594
1932897
1937422
1946977
1923548
1937984
1929896
1943093
1947716
1946612
1971037
1954995
1956791
1960163
1913599
1930182
1940600
1933126
1928011
1945796
1927584
1934843
1947377
1933455
1906019
1912195
1938443
1922703
1924462
1948979
1922295
1923879
1934462
1923218
1905778
1907574
1907560
1911822
1930804
1921960
1919419
1929974
1918832
1936065
1905860
1906169
1909771
1911804
1914628
1919094
1946121
1942315
1937630
1945861
1905903
1909734
1907774
1910195
1910495
1915210
1924034
1943249
1954776
1952956
1905628
1923545
1928680
1921108
1927376
1931398
1939317
1945683
1966501
1951544
1921606
1906131
1907856
1914439
1923616
1945292
1939525
1923629
1924605
1924639
1905899
1907197
1927886
1920160
1918176
1906991
1906301
1926128
1917908
1918915
