165
41
41
41
42
47
47
47
44
42
90
46
47
43
47
49
48
41
41
42
49
50
47
44
48
41
44
42
43
41
34
27
27
25
26
30
27
25
31
24
36
27
31
27
28
30
27
25
28
25
38
33
28
30
28
27
29
33
27
28
29
32
30
30
28
28
36
28
28
30
31
26
27
28
28
28
27
28
30
28
31
28
27
27
31
30
28
28
33
29
31
29
30
30
30
29
29
40
28
31
31
30
28
29
31
27
28
29
29
32
24
25
26
24
24
25
26
27
25
25
27
28
27
26
25
24
26
27
27
23
39
28
28
27
26
31
26
28
29
29
37
26
26
25
28
24
24
26
25
27
28
25
25
24
25
27
24
26
25
25
30
29
32
28
28
30
29
31
29
26
30
28
29
30
28
27
29
29
30
30
30
29
28
28
28
26
26
27
30
30
38
29
28
27
28
27
28
27
28
28
31
30
29
27
27
31
27
28
29
29
38
30
26
28
29
30
28
29
27
33
28
30
28
30
28
30
29
30
28
29
31
27
27
28
27
31
29
28
29
29
30
32
29
61
36
28
28
28
28
28
27
26
25
25
27
26
25
24
26
24
30
28
28
29
29
28
28
28
27
28
27
24
26
26
26
25
27
24
26
26
27
28
24
27
24
25
27
25
26
24
29
25
29
26
24
27
26
28
24
25
30
27
29
32
28
29
27
28
31
29
34
27
26
25
24
28
26
26
27
27
36
25
28
25
26
27
25
27
27
26
26
25
25
25
27
27
27
26
26
28
27
25
27
24
25
28
24
25
26
26
28
24
27
24
24
26
25
26
26
27
37
30
28
28
28
30
28
28
29
29
43
28
31
28
29
27
29
31
29
29
31
29
27
26
30
30
28
28
27
30
25
28
26
24
26
24
29
26
26
26
28
26
27
25
28
26
25
27
24
25
28
24
26
25
25
25
24
26
26
25
27
23
29
28
24
25
25
27
25
26
27
24
27
27
26
27
25
27
23
27
30
28
29
29
30
31
28
26
28
28
27
24
25
26
28
24
25
26
26
25
32
28
29
30
28
28
28
28
29
28
30
28
27
30
30
29
29
27
30
28
30
29
27
30
26
30
28
28
29
26
28
25
24
25
26
27
26
37
26
27
30
29
29
29
26
27
30
28
29
29
27
28
25
25
25
26
27
26
26
27
27
24
28
27
24
26
24
29
25
25
29
29
29
30
30
27
28
27
30
27
25
26
27
26
25
25
26
27
25
25
27
32
28
29
28
26
48
28
27
26
32
30
27
30
31
26
29
30
27
29
27
24
26
25
28
26
27
25
26
26
25
26
26
28
26
25
26
25
27
25
29
24
27
26
27
24
26
27
26
28
26
27
26
26
25
24
28
25
27
25
29
29
30
26
29
29
28
29
27
29
28
25
27
27
26
25
24
24
24
28
25
26
24
27
27
24
26
26
27
25
27
26
25
27
26
26
26
25
26
25
30
28
29
30
29
31
27
29
28
30
25
26
28
26
27
25
25
27
27
25
41
28
30
30
29
29
28
28
30
26
33
24
27
27
27
25
25
25
26
24
41
29
29
31
29
28
27
28
30
27
25
24
27
26
26
25
24
25
26
25
24
27
25
25
26
26
28
26
26
26
30
28
29
27
30
27
29
27
29
30
26
26
26
27
26
27
27
27
25
27
27
24
26
24
27
28
27
25
25
25
27
25
27
25
24
24
27
27
27
24
30
28
26
32
28
25
27
26
29
26
25
24
26
24
25
24
25
27
26
24
28
27
25
24
25
30
27
27
25
26
29
27
26
26
25
25
25
27
23
27
28
26
32
29
28
37
27
31
28
28
27
30
27
29
28
30
29
28
28
30
28
27
25
26
26
27
24
25
26
24
31
29
27
28
28
28
27
28
29
29
30
29
28
27
28
28
28
28
30
27
27
24
26
26
24
26
24
27
26
26
28
25
25
25
27
23
25
27
25
25
27
24
26
27
25
25
24
30
25
25
29
25
28
26
27
25
27
30
26
28
31
30
33
27
30
29
30
30
28
29
24
30
26
26
25
26
30
26
29
27
27
25
23
25
27
24
26
25
27
25
30
28
26
29
30
28
29
30
26
37
30
27
27
26
26
28
27
26
26
24
28
26
25
26
24
26
28
26
25
26
30
28
29
29
30
29
27
28
27
29
30
29
35
28
27
30
28
27
30
28
30
29
28
28
30
29
30
30
28
28
29
32
27
30
29
27
28
29
29
29
31
28
28
28
29
30
30
27
25
24
