71
71
44
180
38
38
38
38
38
38
62
38
41
41
38
37
38
38
89
63
103
38
38
175
37
38
37
41
41
38
45
38
38
38
180
38
38
38
38
37
39
32
33
175
36
32
33
32
32
32
50
33
32
158
32
33
33
32
32
34
32
33
32
34
149
36
34
32
33
32
32
32
32
32
149
32
33
35
28
26
43
32
32
149
32
32
32
35
27
25
35
36
58
32
32
32
59
32
24
26
151
32
33
34
35
32
72
32
33
33
72
32
32
33
34
33
32
33
24
71
26
26
28
58
25
27
28
56
24
36
32
62
34
33
34
57
33
39
67
32
32
150
33
32
33
33
60
36
146
33
33
32
32
59
32
33
33
65
32
36
32
67
37
35
33
61
35
36
32
61
32
33
33
32
59
33
33
58
32
36
32
57
32
32
33
149
35
33
33
63
32
36
36
57
33
32
56
34
24
24
33
60
32
150
32
32
35
35
58
32
24
52
25
26
26
53
26
25
63
29
77
33
32
64
25
28
28
57
28
27
26
198
24
26
25
51
27
30
25
52
39
36
35
35
63
32
33
69
33
60
34
24
53
28
24
62
25
26
148
28
29
28
58
24
28
149
26
25
26
177
26
25
57
24
26
55
24
25
26
26
66
26
28
28
26
54
28
24
56
22
22
53
23
22
145
23
24
24
51
23
33
32
65
32
35
60
33
36
144
25
33
33
60
32
32
150
33
32
35
61
25
25
60
25
26
59
26
25
26
25
32
139
32
32
63
32
36
58
32
59
33
33
54
33
32
36
59
32
33
57
25
24
25
61
25
27
149
28
28
26
53
26
26
26
57
26
25
63
24
26
34
60
34
32
35
58
33
32
63
33
26
25
59
25
28
59
26
56
24
24
26
56
25
26
51
26
71
26
146
26
25
24
54
24
25
55
26
26
57
23
26
60
26
26
54
26
24
143
25
28
26
52
27
25
53
25
25
52
25
24
43
32
33
61
33
33
148
27
25
24
61
32
35
148
32
32
32
154
33
32
30
52
28
27
52
28
27
56
24
26
73
42
33
32
36
36
32
33
33
32
31
63
25
24
53
25
26
486
26
26
28
54
24
23
145
23
24
23
54
26
27
43
26
26
53
25
26
54
28
28
60
27
28
55
26
25
146
24
25
25
57
33
32
47
32
32
158
37
32
26
53
26
25
72
25
26
61
26
27
58
37
28
58
25
25
59
26
26
60
25
25
55
25
25
66
25
24
147
26
25
39
57
33
34
61
32
32
56
30
25
50
32
32
150
32
32
33
134
32
33
26
56
36
28
52
25
25
57
28
26
44
61
32
32
55
34
33
62
26
25
71
42
25
53
28
27
58
25
26
62
30
33
149
26
24
24
147
26
25
26
56
26
26
51
26
26
62
24
25
54
24
26
52
25
26
62
24
26
144
28
26
25
54
25
25
62
26
25
54
27
25
146
25
26
25
54
25
26
62
27
34
57
27
28
55
26
24
143
28
26
35
56
26
24
58
24
26
61
25
24
65
28
27
59
28
27
57
26
26
147
32
33
32
67
33
32
60
33
32
78
24
25
147
26
25
25
148
28
25
26
34
26
26
64
24
26
55
26
26
26
74
33
33
56
25
25
55
25
25
53
31
26
28
25
25
26
25
27
28
24
47
26
25
56
26
25
66
28
26
58
33
26
56
26
25
62
26
26
51
27
34
56
26
25
147
26
27
28
54
24
32
32
32
33
32
35
36
35
25
26
33
27
148
25
24
25
28
27
25
25
38
34
32
32
33
35
34
32
38
34
26
28
26
24
26
26
26
24
26
25
33
26
26
30
27
27
26
30
24
28
44
25
25
25
28
27
25
26
26
24
25
25
26
26
25
24
26
25
27
26
26
24
25
26
28
28
24
27
28
25
24
26
26
24
26
24
26
24
28
28
31
27
27
26
26
25
26
26
27
26
30
25
26
24
28
27
25
28
28
26
26
27
26
26
26
25
27
28
28
26
33
25
28
27
26
25
25
26
28
27
26
25
25
28
26
25
26
26
26
24
31
24
25
26
25
26
27
28
27
25
25
27
28
26
24
25
25
24
26
25
24
26
28
28
27
28
28
27
27
28
30
26
22
22
22
23
23
23
23
23
25
25
26
28
28
27
28
26
28
27
33
25
26
28
28
25
27
28
28
28
23
23
23
25
25
23
22
22
24
22
23
23
23
22
25
24
24
25
22
22
26
24
25
26
25
28
28
25
27
28
22
24
22
23
24
26
23
22
23
25
