76
64
45
38
38
38
38
39
38
38
67
39
38
38
38
39
38
50
38
38
38
37
41
41
42
37
36
36
38
41
41
41
37
38
38
39
38
39
38
39
38
38
39
37
38
33
25
26
28
26
42
44
43
33
32
36
36
36
33
32
33
32
33
35
32
32
32
25
25
25
33
36
36
33
32
33
33
32
32
34
34
32
32
33
36
35
33
33
33
32
32
33
32
34
33
32
32
32
34
33
32
32
32
33
34
34
33
33
33
34
32
33
32
35
35
34
32
32
34
33
25
24
26
26
26
127
25
25
32
25
32
25
26
33
26
25
33
26
25
26
26
33
27
25
32
24
25
33
25
28
34
32
32
33
32
32
33
35
36
32
25
33
25
27
25
27
27
26
42
28
25
26
26
24
28
25
25
27
25
25
25
27
25
25
26
27
26
26
26
32
24
26
26
25
25
27
27
25
24
33
31
34
26
25
24
27
28
28
25
25
25
24
25
26
25
32
25
26
34
26
32
25
26
33
26
131
32
25
26
35
39
42
42
39
39
132
32
33
33
34
27
25
25
26
25
26
26
25
26
34
130
32
33
32
34
33
32
33
33
32
32
26
26
24
26
26
25
26
27
131
27
24
26
26
33
26
26
32
25
28
24
24
33
26
26
33
27
26
25
25
32
25
27
28
26
27
28
26
26
34
35
34
32
34
34
32
32
124
33
33
26
25
25
26
26
27
25
26
25
25
33
33
34
33
32
33
34
32
25
26
27
26
28
35
26
25
34
26
24
129
26
33
24
25
33
25
33
24
25
26
25
26
25
26
26
24
26
25
33
32
32
34
33
32
32
33
33
36
33
33
33
36
36
32
34
32
32
32
33
35
26
25
26
27
26
27
25
26
32
26
26
24
25
32
24
26
32
26
27
32
25
32
25
25
27
27
26
24
25
33
33
33
33
35
33
35
36
33
32
33
25
25
25
25
26
32
26
25
33
32
33
25
26
32
26
26
32
27
28
34
33
32
25
26
28
28
27
25
26
33
33
26
36
26
26
25
26
25
25
33
32
32
30
25
25
25
35
41
28
32
26
27
24
25
26
24
25
24
24
33
25
25
26
25
32
26
26
123
25
26
32
33
34
33
34
35
36
32
33
33
34
25
25
26
26
26
27
26
26
33
26
25
25
24
26
25
25
26
26
28
26
25
26
26
26
25
25
33
26
26
32
33
32
34
33
34
32
32
32
32
27
25
26
26
25
25
32
25
26
36
25
32
25
25
34
26
25
25
26
32
25
32
26
26
32
25
25
32
25
32
33
34
33
33
32
32
33
32
33
33
32
33
33
33
127
32
33
33
33
34
26
33
25
26
33
24
27
26
25
28
26
26
26
25
25
25
25
26
26
27
26
27
25
26
25
24
25
27
24
44
46
43
35
35
35
32
35
34
33
33
34
33
32
33
35
36
33
33
25
25
26
25
32
25
25
33
131
26
24
26
32
32
33
32
32
33
130
32
34
33
26
25
26
26
33
25
25
32
26
25
33
34
32
35
35
34
32
33
32
42
24
27
28
25
26
27
26
26
26
34
31
34
32
33
42
26
25
25
31
25
24
25
25
26
24
26
26
26
28
24
42
34
33
32
32
34
34
45
32
34
33
33
33
33
35
35
33
34
32
32
24
26
32
26
25
32
24
26
26
26
33
27
26
25
24
26
148
76
43
43
38
39
38
39
40
42
41
42
38
38
38
38
37
38
38
41
41
39
39
48
38
37
40
37
38
38
37
41
38
38
38
65
39
38
39
38
61
39
39
39
38
38
41
64
41
39
41
42
39
53
38
38
39
41
38
38
38
61
38
38
38
39
41
42
38
59
41
60
41
62
39
38
82
38
38
37
39
37
38
38
26
36
25
34
23
24
46
28
25
35
25
27
37
26
23
25
35
22
25
31
23
26
24
33
26
22
27
23
23
49
27
22
24
22
27
23
24
28
34
22
26
65
26
27
26
25
26
25
27
32
22
26
35
24
23
48
28
24
38
23
82
25
22
23
37
26
22
34
24
23
27
58
24
24
23
23
26
40
23
24
23
37
23
37
25
24
22
23
36
28
25
34
22
27
41
25
42
22
41
36
23
28
23
36
22
31
25
23
22
35
26
22
26
35
22
44
22
26
48
25
26
22
26
35
23
27
37
25
33
23
25
26
37
22
25
35
25
23
22
35
23
33
26
23
34
23
22
27
23
25
25
24
24
46
22
26
41
23
26
34
22
28
26
26
23
63
26
23
23
34
