140
72
35
35
37
32
44
155
33
47
49
33
32
46
53
34
38
32
39
32
51
36
49
38
43
39
32
48
59
42
49
33
38
48
41
36
42
32
32
48
51
39
34
38
97
40
33
35
41
47
50
39
40
40
49
32
40
38
39
47
57
57
41
49
43
47
60
50
274
38
50
35
50
39
39
33
68
44
46
110
45
37
32
35
45
37
33
41
44
36
44
42
40
37
43
36
36
45
49
32
59
37
55
35
35
40
45
43
36
36
59
37
43
53
42
42
41
36
41
33
57
44
43
36
36
146
44
69
40
38
51
32
32
33
36
41
41
41
34
38
52
34
40
268
271
41
35
104
48
98
57
45
40
40
39
43
44
47
41
38
51
52
41
45
38
36
48
41
36
44
52
47
36
37
33
139
35
38
51
43
60
36
35
49
43
39
42
58
38
35
32
41
33
35
35
56
35
68
66
45
39
40
31
33
51
38
41
47
35
47
47
125
44
52
137
45
37
50
37
40
40
44
40
41
35
35
37
35
44
40
36
36
41
38
32
49
96
113
39
31
55
39
44
43
34
37
31
45
49
34
117
33
33
97
49
41
32
39
32
33
42
103
38
39
33
40
41
51
37
40
40
119
43
40
39
37
43
39
41
48
57
41
111
42
31
45
37
34
66
45
57
35
34
32
40
39
40
42
38
40
45
42
33
43
50
42
52
34
41
42
280
32
36
40
107
44
38
39
32
42
39
34
45
37
47
40
39
42
40
40
52
39
33
38
53
65
37
48
40
36
37
45
31
38
38
35
36
37
38
37
44
42
42
38
39
47
41
70
37
35
40
40
34
40
48
35
36
31
38
37
58
31
48
32
37
40
45
49
40
38
32
34
54
36
46
34
40
38
40
39
59
40
36
36
34
33
48
36
33
45
59
38
33
45
41
36
33
33
32
44
54
41
33
36
33
38
47
37
46
37
61
60
56
34
40
36
39
54
43
37
59
52
46
33
33
128
38
52
32
37
36
39
33
88
71
31
38
270
33
36
59
39
42
45
40
42
86
44
43
35
36
36
38
39
35
33
38
39
272
43
57
47
40
33
38
34
82
36
40
57
59
33
39
39
39
37
43
40
33
60
47
268
34
40
43
45
35
37
50
33
49
36
32
61
35
33
44
44
113
36
50
46
38
40
45
36
41
36
36
38
47
120
37
50
46
40
34
32
47
32
57
45
38
36
33
36
37
41
36
45
42
32
40
39
36
60
36
34
40
37
48
41
32
36
37
31
35
39
43
41
43
38
40
48
35
43
32
38
37
34
56
51
41
41
40
36
39
37
40
37
56
42
34
34
34
47
38
37
48
38
58
46
42
37
39
40
50
43
31
40
53
47
67
45
39
35
32
39
38
37
57
40
35
39
38
45
45
38
40
32
46
42
34
33
34
34
34
33
34
46
48
52
265
37
38
45
39
34
40
34
48
48
61
54
62
41
116
39
33
34
45
37
48
38
35
33
35
122
123
38
67
100
112
71
52
34
34
36
35
32
56
31
47
44
39
45
42
42
34
278
45
43
32
35
48
45
113
37
32
269
37
40
33
37
41
51
35
119
39
39
64
32
42
36
136
43
33
41
39
40
50
44
34
34
40
35
43
51
36
34
54
61
61
41
43
41
43
51
47
35
47
42
39
47
36
39
40
31
42
45
44
41
32
39
52
38
36
40
33
33
44
40
40
39
38
53
34
36
38
117
41
41
40
34
43
40
37
43
33
32
46
32
39
52
43
42
39
34
39
45
40
34
43
45
48
45
39
34
42
39
51
37
40
32
35
38
31
34
36
39
56
32
44
42
43
39
33
39
35
37
57
37
37
271
42
35
33
117
40
56
66
54
49
33
38
40
36
56
36
37
36
38
46
40
38
37
38
33
39
44
36
37
45
43
39
39
58
35
35
36
46
34
35
272
46
42
41
35
35
34
62
34
39
45
43
118
41
34
275
279
35
39
39
268
38
39
39
40
40
34
40
37
38
112
139
41
40
34
38
39
42
47
47
40
41
43
41
42
31
45
56
46
34
37
45
39
38
34
141
263
40
42
35
38
34
33
115
32
39
68
33
37
37
56
39
55
39
33
38
44
50
41
44
36
35
37
131
43
38
40
46
43
61
39
33
39
42
35
36
39
48
37
34
38
40
36
39
40
44
37
52
41
49
32
31
38
31
34
38
40
55
37
40
39
46
32
36
37
34
32
53
33
45
41
33
41
37
32
37
44
42
39
35
34
38
36
39
42
54
41
