102
52
179
57
39
58
45
50
50
47
60
38
38
103
41
37
38
37
38
38
51
38
38
38
38
37
37
39
38
37
46
38
41
41
38
49
65
66
45
48
39
32
33
34
32
32
36
35
33
32
39
33
32
32
32
33
33
32
32
32
43
32
32
32
32
33
32
33
32
33
39
36
36
34
32
34
34
32
32
32
32
32
32
32
33
33
32
32
33
36
32
32
32
34
32
32
32
33
34
32
37
32
34
35
32
32
33
32
32
36
33
32
36
36
33
32
32
32
33
34
32
32
33
32
32
155
32
33
34
32
32
32
32
32
32
33
33
152
33
32
32
32
147
32
33
32
33
33
32
152
32
33
32
34
32
32
34
35
36
32
146
33
33
32
32
32
151
32
33
33
32
36
35
33
32
33
33
33
35
34
32
32
32
34
32
32
32
36
34
32
33
33
33
33
32
34
35
35
33
33
34
33
35
36
34
32
32
33
32
34
32
33
33
32
32
33
32
153
32
32
32
32
32
32
32
33
32
32
33
33
32
33
32
32
32
33
33
32
32
33
33
33
32
164
33
33
32
32
32
36
40
40
40
151
32
32
32
173
53
32
39
34
36
33
32
32
32
33
32
32
32
37
36
32
32
33
32
33
33
32
32
32
32
32
32
32
32
33
32
32
32
33
32
36
34
32
34
35
153
32
32
33
32
32
153
32
32
33
32
32
46
33
38
32
32
33
34
32
33
40
32
32
32
32
32
33
62
32
32
70
32
32
32
35
32
33
34
35
36
36
32
32
32
33
32
32
32
34
32
33
33
33
32
33
32
32
32
32
35
35
41
40
34
35
32
32
32
33
32
32
33
33
32
32
32
32
32
33
34
32
34
33
34
32
32
33
32
32
32
35
32
33
32
33
35
32
36
35
33
33
33
32
32
32
32
32
32
154
35
36
34
32
33
33
32
33
32
32
33
33
32
32
36
36
70
33
32
32
32
34
32
32
33
36
36
33
34
33
33
32
33
32
34
36
32
36
32
32
32
34
32
32
33
65
32
33
32
32
32
32
34
32
35
35
32
32
149
32
33
32
32
33
32
32
32
32
152
33
32
36
33
32
33
32
32
32
32
32
32
152
34
32
33
33
32
33
32
32
32
33
33
33
33
32
32
33
32
33
32
32
32
32
34
32
32
32
32
32
34
33
33
34
33
36
37
34
32
36
35
34
32
32
36
149
35
36
75
33
32
32
32
33
32
32
32
33
32
35
35
36
32
32
35
35
35
36
32
32
33
35
32
33
40
42
44
32
32
34
32
153
33
33
33
33
32
32
147
32
33
32
32
32
32
32
33
33
32
32
32
33
32
34
32
42
35
32
35
34
176
32
32
33
35
32
34
32
32
32
32
32
32
32
36
35
32
32
32
33
33
32
32
32
33
33
32
32
32
36
36
32
32
32
33
32
37
35
33
32
32
32
32
36
36
32
32
32
32
32
33
32
32
33
36
36
33
32
32
32
33
32
32
32
34
36
32
74
35
36
32
33
32
33
32
35
35
32
32
33
32
32
32
32
32
32
35
36
32
32
32
35
32
32
37
32
32
32
32
32
32
32
32
32
32
33
32
35
36
32
32
32
32
33
32
32
32
34
32
145
36
34
32
34
32
33
33
33
32
32
151
32
32
32
32
32
33
32
34
32
33
33
32
33
32
32
33
33
32
36
35
32
32
33
32
155
32
33
33
33
32
34
32
35
35
32
35
36
32
33
32
358
32
32
32
34
32
34
34
34
33
33
32
32
34
36
32
34
37
33
32
33
32
32
33
32
32
34
32
36
34
32
36
35
32
32
36
34
33
32
32
33
32
33
33
32
34
120
32
32
34
36
33
32
32
32
34
32
32
32
32
36
32
84
32
32
33
32
35
34
32
32
33
32
32
32
32
32
156
32
32
32
33
35
35
32
32
33
32
32
71
33
33
33
36
35
32
32
33
37
32
32
32
32
32
35
36
33
33
33
32
33
33
32
32
35
35
32
33
33
33
32
32
33
32
83
38
36
33
34
35
34
32
34
36
32
36
36
32
32
34
33
33
33
32
32
32
35
35
32
32
32
33
33
35
35
32
32
32
32
32
152
32
32
33
36
34
33
150
33
32
33
32
32
32
32
36
37
34
35
36
33
34
35
33
32
33
33
32
32
32
32
32
34
33
34
32
153
33
32
65
34
32
32
32
35
35
35
35
32
156
36
33
33
34
35
32
33
32
32
32
32
32
32
34
35
33
33
33
33
33
32
