2544212
2523192
2220175
2195788
2169860
2092358
2074005
2016640
1970525
1830145
1456671
1475468
1444199
1446248
1454650
1410846
1434321
1402543
1393435
1401906
1384113
1417322
1397501
1416694
1395939
1393299
1376248
1388294
1370560
1379297
1386390
1403120
1384787
1404707
1393240
1701500
1767850
1345814
1345259
1344428
1248880
1241384
1232197
1231802
1261065
1233501
1227713
1230299
1231666
1237440
1252167
1257848
1244752
1236739
1244632
1248472
1247265
1236347
1245061
1238025
1238358
1245641
1250854
1258077
1238117
1242265
1243307
1232688
1242765
1242406
1254445
1241962
1244688
1248393
1253583
1250143
1244148
1231665
1234291
1249606
1242135
1251115
1245000
1252807
1241755
1252840
1243746
1234938
1239311
1246280
1242607
1239404
1238860
1259556
1230898
1231657
1236078
1241451
1248892
1239236
1252918
1258624
1239459
1239544
1243342
1265267
1240692
1233135
1235465
1235575
1252701
1255870
1242295
1242761
1244584
1247785
1239280
1234781
1234415
1238350
1253566
1247802
1246393
1241451
1252530
1260567
1246397
1244551
1241492
1250270
1244255
1257641
1249929
1243587
1246250
1248930
1255426
1260508
1237805
1240473
1246742
1253078
1242075
1271754
1237991
1246881
1235855
1251995
1251160
1246578
1237804
1268113
1249611
1251133
1240374
1246286
1245620
1251395
1247397
1246048
1246936
1259527
1246109
1252012
1243481
1238682
1259710
1243371
1242210
1238007
1254627
1246600
1242356
1244036
1238274
1261873
1236299
1237934
1231626
1239442
1246914
1254628
1254241
1247362
1245208
1245694
1257731
1246932
1239149
1241494
1247321
1243663
1248332
1252704
1253228
1247443
1241027
1253394
1250714
1252242
1246924
1254351
1243116
1256035
1234618
1252546
1240300
1236013
1237811
1235237
1246849
1241030
1262543
1253143
1245665
1243638
1239234
1252794
1255868
1244327
1255078
1251726
1250376
1245320
1242175
1255973
1242290
1239975
1249117
1247863
1241283
1247415
1248940
1269354
1242399
1237986
1243289
1264816
1256066
1246675
1243709
1241194
1242047
1269024
1243328
1240969
1250107
1244409
1253806
1203921
1428569
1409371
1391433
1201621
1202340
1208537
1211342
1200041
1196884
1194936
1243562
1249010
1246005
1253846
1253549
1242146
1239620
1245917
1245266
1253415
1259239
1267644
1248092
1243212
1245827
1268906
1262478
1241641
1241126
1244530
1242278
1257369
1263311
1259591
1243653
1255504
1255760
1256443
1249821
1244417
1252280
1244913
1259765
1242614
1250784
1259356
1242759
1237446
1248573
1251909
1245529
1249278
1263034
1245788
1244499
1250108
1247749
1269124
1237280
1239358
1244938
1245138
1250756
1247685
1257773
1239308
1243761
1239845
1246969
1249163
1243673
1259391
1251249
1248969
1245136
1242519
1249410
1243049
1241356
1237992
1241474
1245979
1243588
1258693
1243870
1236879
1236845
1251026
1242424
1248831
1249248
1247891
1255287
1247850
1243016
1251695
1243990
1247713
1247540
1246026
1243561
1243467
1262366
1244997
1247845
1247570
1252157
1253433
1246679
1240509
1268397
1253404
1250154
1251607
1269523
1249296
1240084
1240925
1240035
1254448
1249172
1254411
1251466
1245393
1246009
1246968
1246483
1247333
1237667
1246452
1243880
1247430
1251900
1258178
1250862
1243940
1236062
1247780
1254600
1255940
1242133
1242886
1249477
1244554
1259264
1242636
1244969
1244196
1246653
1265297
1253374
1258041
1241786
1246898
1237482
1251675
1265092
1244056
1237853
1244878
1252087
1242134
1267800
1255088
1244993
1240452
1249544
1253087
1240887
1239641
1254408
1251229
1248218
1243944
1249050
1249731
1239399
1244465
1246321
1254223
1242986
1250231
1256450
1261726
1246332
1247566
1239284
1254111
1246919
1248708
1253348
1245227
1250335
1251374
1255138
1258252
1252420
1244788
1239050
1262318
1246204
1257072
1256588
1253696
1261374
1242949
1261535
1245755
1238594
1248771
1246053
1244671
1249186
1250341
1261857
1246246
1243299
1243539
1243470
1244977
1249597
1257170
1249189
1250361
1243779
1239084
1251399
1243138
1242564
1252982
1241692
1244513
1241666
1257512
1249828
1246566
1249251
1248956
1244102
1244915
1251341
1240898
1257210
1241067
1260439
1252714
1251850
1244389
1240491
1248847
1245213
1241021
1264705
1263233
1246159
1245903
1249343
1261755
1248614
1246519
1256464
1245446
1245048
1246609
6963191
1236814
1255630
1241545
1245892
1240826
1256394
1241914
1249362
1244490
1256566
1256573
1243162
1232326
1242813
1243029
1246417
1255727
1252286
1250951
1246280
1234416
1247276
1254473
1238704
1246288
1254585
1244121
1240673
1243434
1244927
1251673
1246746
1240965
1234055
1248343
1247773
1247479
1245575
1246301
1238933
1238797
1255988
1252874
1235272
1254345
1246446
1241922
1249845
1244024
1255124
1243405
1243721
1234829
1240873
1276522
1250948
1262482
1248634
1252105
1244291
1241656
1247164
1234511
1250310
1238272
1250888
1248206
1248718
1262304
1249565
1243716
1236812
1237028
1250606
1241189
1262732
1241098
1243500
1240852
1242279
1247983
1236715
1237198
1250210
1241366
1251537
1243098
1251218
1241134
1249454
1252063
1237045
1256523
1242239
1249559
1251593
1242390
1246522
1243125
1255972
1244281
1239665
1240987
1234146
1256397
1249931
1253840
1247055
1240872
1245006
1249569
1245936
1241228
1244666
1243757
1253160
1245143
1261568
1256971
1239301
1242655
1247166
1251684
1259105
1240030
1258447
1245060
1248563
1238528
1242087
1251111
1242683
1242402
1238349
1253100
1251536
1265037
1255571
1236997
1241102
1249269
1253804
1244520
1241612
1242840
1249595
1250395
1243207
1245249
1247874
1240789
1241793
1242588
1238728
1249943
1249176
1249011
1263039
1241565
1246577
1248026
1243845
1250696
1243322
1241057
1252609
1244608
1247218
1257692
1248289
1240597
1238293
1237683
1269725
1249302
1262510
1254261
1243776
1245991
1243658
1260105
1244954
1245551
1239262
1245873
1254350
1248773
1246069
1238725
1239145
1228162
1231920
1234708
1255500
1229883
1271404
1251112
1246976
1240861
1244206
1250227
1249931
1245872
1239006
1234075
1253707
1242488
1268429
1254483
1234315
1238735
1233752
1252369
1254325
1239241
1260854
1243102
1241419
1254167
1250953
1254348
1244857
1244742
1244760
1254047
1246149
1252838
1261823
1244479
1248121
1241136
1256045
1246803
1240698
1242363
1252524
1245546
1247800
1260633
1253919
1248632
1240642
1243365
1251516
1246229
1262890
1253181
1239160
1242300
1239939
1253991
1248517
1237132
1243059
1244325
1259430
1243860
1252621
1256383
1240567
1241892
1246103
1251092
1253509
1243508
1255435
1241320
1243795
1242462
1256556
1256960
1245961
1241811
1244233
1263357
1244516
1255908
1246368
1241123
1240479
1249669
1265100
1234029
1237242
1244317
1250391
1244647
1256496
1256565
1241371
1242092
1243494
1240120
1242191
1241952
1266496
1246355
1240915
1250006
1236090
1247325
1245212
1241083
1242928
1241648
1251521
1248388
1250311
1263194
1243869
1246806
1243504
1248220
1259058
1247013
1265816
1244335
1246397
1244602
1258103
1253417
1242608
1244673
1238225
1261937
1248021
1257272
1265435
1246805
1242203
1242743
1261403
1254882
1238167
1223250
1241520
1250690
1248975
1258583
1236446
1242874
1243010
1255747
1257216
1236526
1257252
1251162
1255628
1250621
1253615
1254889
1249257
1237086
1247184
1256576
1257332
1252128
1277658
1248174
1241486
1240108
1258249
1255473
1242019
1245443
1250362
1254333
1253352
1250773
1253373
1241039
1242632
1243175
1231953
1252629
1245119
1248955
1243135
1272199
1246614
1249795
1245694
1238756
1261355
1240281
1264725
1246914
1242754
1249386
1250982
1250663
1243637
1238810
1245743
1245253
1251662
1244807
1257295
1251306
1248490
1240776
1246172
1254108
1256210
1243256
1259079
1244963
1251427
1249569
1258747
1253795
1239096
1241929
1248792
1259519
1251592
1257687
1259924
1245280
1248767
1242223
1248053
1251337
1241791
1243393
1250034
1247372
1245821
1257986
1257235
1250549
1244123
1243073
1262548
1253723
1246449
1257512
1252893
1244939
1245153
1254454
1253265
1261478
1243508
1248142
1252462
1251538
1248041
1249635
1260638
1242803
1242337
1243898
1250278
1251418
1247259
1263368
1242927
1244822
1240761
1241860
1255490
1240143
1241747
1245252
1259270
1245927
1249596
1250017
1249404
1242816
1247786
1242194
1246866
1251383
1254974
1245319
1251767
1245264
1250063
1253172
1254456
1251021
1242663
1240671
