1737260
1730636
1740513
1574787
1545771
1517845
1519156
1531335
1485469
1480464
1460877
1424438
1437715
1446127
1418513
1401187
1391690
1379071
1376561
1368840
1391957
1375233
1390428
1385498
1379529
1375996
1383179
1375705
1377647
1371095
1373401
1368679
1373164
1379941
1363816
1378899
1409327
1367229
1377455
1376917
1385910
1368305
1377393
1369233
1192599
1185420
1080295
1053188
1046304
1075105
1233210
1245163
1238297
1245712
1265328
1238528
1231628
1229470
1229507
1252715
1235227
1227890
1242210
1240012
1240553
1238735
1226357
1219866
1052423
1055633
1238697
1235505
1230115
1238982
1230407
1240559
1240272
1229399
1234465
1232112
1236107
1229427
1234323
1244788
1239147
1228763
1225493
1232647
1238451
1234602
1231706
1231225
1241748
1237040
1227547
1223488
1241841
1227785
1229699
1232806
1268866
1226942
1226515
1243828
1241645
1227115
1223935
1224272
1230075
1235956
1226138
1230029
1230743
1242725
1233236
1222426
1238106
1244788
1235025
1235046
1052542
1045144
1053315
1044234
1044568
1049607
1046278
1047501
1165140
1057164
1076863
1055235
1052198
1103511
1051788
1052849
1112297
1153491
1043315
1058336
1046543
1069454
1048756
1050768
1088603
1050649
1040816
1089372
1172970
1052175
1227893
1241651
1231362
1227183
1226553
1225453
1228872
1223914
1220838
1227974
1046533
1091525
1169282
1052722
1045054
1154185
1038401
1041994
1142554
1240085
1046132
1042043
1050339
1221299
1048178
1047021
1231886
1047801
1044389
1218542
1199754
1046664
1047335
1201037
1049521
1046194
1048803
1046836
1045443
1202608
1043817
1050315
1043890
1043882
1053169
1045035
1047427
1207850
1043337
1215474
1044486
1067179
1199490
1053141
1048184
1181516
1044624
1042952
1168611
1045042
1148400
1047170
1054276
1138112
1042100
1082438
1052063
1042948
1098536
1060207
1110980
1045944
1046667
1149338
1056054
1046559
1142901
1127554
1044600
1208456
1223421
1229002
1226618
1241898
1228693
1220916
1223392
1237090
1244502
1235422
1046174
1044907
1041975
1047407
1042475
1258166
1040474
1045855
1218778
1223048
1239078
1244278
1222561
1234868
1231921
1239905
1239876
1224092
1223450
1231616
1112991
1150224
1045287
1050824
1127822
1049447
1045181
1119265
1047250
1102287
1047297
1042847
1040469
1049844
1153423
1051675
1045375
1176667
1052550
1049436
1053978
1046958
1209421
1045371
1049879
1222666
1043683
1046861
1044781
1214312
1189995
1074697
1047288
1050652
1046455
1048910
1044256
1041538
1043476
1226715
1226824
1224641
1233212
1242668
1230727
1225945
1227684
1233955
1237098
1229942
1047447
1044583
1052511
1046473
1043363
1240121
1045477
1046899
1219138
1050434
1244148
1228205
1223966
1237691
1219411
1229841
1240893
1228754
1045378
1194252
1049286
1146325
1045169
1085329
1053746
1046264
1099534
1051199
1044352
1114412
1044173
1114156
1056631
1048319
1118411
1134875
1086613
1048334
1172422
1054034
1111515
1042038
1057810
1118513
1054208
1040333
1094935
1044121
1120423
1196317
1223108
1230871
1245901
1228498
1228820
1221574
1242071
1233077
1228279
1302073
1228559
1248735
1227372
1241468
1226133
1225904
1218824
1222367
1239337
1237280
1095864
1043059
1044290
1081083
1051080
1044000
1081231
1045052
1137923
1244241
1046185
1044778
1049541
1175870
1051015
1041526
1194921
1055546
1041966
1229268
1042231
1225656
1041226
1046902
1237125
1048415
1041674
1044720
1043315
1220543
1223733
1225589
1225330
1231146
1254054
1231285
1223468
1222100
1228744
1240555
1172100
1043441
1048297
1163261
1054546
1042772
1053747
1046307
1060141
1239846
1099162
1046656
1046636
1125984
1052836
1041629
1133600
1129513
1043609
1207777
1225277
1065635
1185961
1044935
1042674
1158997
1047472
1042335
1144128
1095394
1234425
1048828
1131612
1123634
1048443
1044500
1109845
1045137
1040161
1250539
1227793
1244075
1043737
1045413
1121690
1045479
1092665
1057257
1042572
1101567
1044573
1200419
1045020
1049637
1179262
1047131
1042494
1167586
1043063
1180729
1044306
1041972
1115948
1046126
1098421
1052610
1043543
1123534
1050647
1047784
1236418
1234697
1227265
1230016
1237195
1232053
1227401
1224257
1222817
1233977
1199455
1046682
1042777
1046460
1045523
1044246
1039925
1042661
1054185
1177910
1044305
1045033
1047851
1046311
1242456
1041085
1044223
1209431
1042600
1050041
1043205
1039054
1127288
1045813
1045209
1112991
1051543
1104919
1052703
1245617
1238861
1231693
1226399
1231904
1226907
1232654
1225393
1224547
1224579
1225958
1045201
1087768
1043391
1054257
1082809
1044918
1135699
1051549
1044968
1226760
1045041
1179331
1053475
1044775
1213195
1041753
1042950
1037265
1039049
1183587
1047579
1112933
1049408
1041961
1132795
1056805
1036697
1133890
1113931
1074732
1224199
1225220
1228009
1233666
1229647
1246127
1222434
1225615
1217354
1249189
1225892
1229366
1241822
1226273
1229098
1225683
1238291
1222738
1226125
1228467
1043268
1205497
1053702
1050436
1209048
1039948
1036428
1238499
1039219
1043923
1039935
1040885
1203162
1048950
1048936
1053273
1044405
1046491
1052979
1240278
1044577
1042194
1039789
1052508
1042775
1041644
1218152
1041773
1039260
1233553
1226751
1232605
1232617
1229600
1225847
1227801
1230314
1230223
1223945
1228413
1223640
1221263
1226140
1242021
1230544
1223373
1291135
1227191
1199834
1052367
1055152
1039939
1148200
1055188
1042403
1225411
1213023
1039832
1040575
1178718
1227540
1247395
1229732
1233007
1224428
1225037
1223858
1235778
1224729
1226856
1044900
1040642
1049266
1054542
1182479
1053460
1038732
1218604
1037355
1045719
1232374
1229286
1225710
1229566
1228921
1220459
1220136
1227259
1220031
1056837
1223160
1041413
1045218
1047869
1045473
1047714
1040280
1048330
1046762
1220164
1047828
1041020
1043380
1046499
1204643
1039363
1041744
1228139
1041783
1235779
1044939
1042774
1251864
1043080
1049321
1217766
1044195
1042286
1046591
1208367
1224049
1238756
1234027
1225222
1228810
1222379
1236790
1222141
1220830
1229441
1222211
1225175
1223312
1247638
1231213
1226265
1222050
1224277
1223641
1230081
1049288
1042067
1149940
1047541
1046646
1159738
1090707
1042132
1048931
1242171
1112556
1153860
1043958
1043490
1133329
1042591
2466046
2382167
1431353
1433049
1398972
1380893
1380984
1382905
1384569
1403691
1392058
1392024
1381745
1394127
1391222
1385066
1382682
1384215
1394209
1398031
1394572
1392295
1389365
1383202
1414531
1393633
1393748
1386832
1387540
1394060
1390709
1386059
1386948
1396977
1367650
1365708
1367342
1348975
1376234
1350941
1386801
1357019
1360588
1353866
1351635
1362187
1369405
1370747
1362515
1359204
1358247
1346031
1349154
1346219
1352308
1354853
1365343
1347139
1364504
1351165
1380783
1361472
1365108
1361697
1352591
1368705
1364067
1367034
1372487
1365554
1356404
1348973
1350479
1354121
1351491
1365499
1346835
1362671
1354929
1363994
1365070
1351114
1365932
1345961
1049048
979557
1030348
975276
976460
1053384
975148
1028412
978964
977288
1045909
1051222
978564
1040875
981607
1016679
1037450
979095
1045978
982252
980027
1041729
979597
979820
1050235
979175
1038089
977425
979871
1049508
1050297
978839
1039068
977470
996345
1047535
980305
1033163
979175
983319
1042746
1047827
1051090
1045736
1062501
1048334
1043318
1045402
1041159
1047340
978955
1036707
983063
978696
1048850
980829
1023869
983731
981286
1054603
1032998
981327
980179
1054989
980056
1026199
1010650
977915
1061712
979003
1042813
1031150
976068
980552
1051092
982755
1023194
1007566
977814
1059924
1003031
979522
1053649
980662
1019426
1008472
980131
1046198
981465
1013176
1013153
1015936
977473
1043456
977507
1010428
1019002
978489
1039402
981102
975997
1037700
972223
977063
1050341
974544
1034002
994895
978836
1059547
1044135
982102
1036803
978961
978840
1055040
980800
1018313
983581
982795
1012944
1023248
975868
1040454
974277
1006517
1029436
972465
1045797
972697
1038520
1043374
1050347
977122
1037720
977440
1030143
1022658
976534
1036732
1018979
980216
1042340
979531
996633
1027105
978477
1045687
980199
989710
1047214
1048767
979128
1039933
980034
1004516
1027201
980976
1051758
974659
979847
1030780
981557
994315
1039786
977020
1028049
974515
978739
1060468
