3098573
2084332
2023710
2023909
1961083
1943922
1935892
1872557
1849090
1881457
1949933
1792184
1770527
1771527
1750934
1743354
1781815
1765712
1750587
1773011
1835032
1845800
1788470
1769364
1753235
1701822
1690330
1677937
1659857
1780763
1878312
1783311
1715073
1801139
1702508
1698269
1689798
1714591
1673158
1717268
1806365
1845158
1841084
1775050
1760231
1717248
1736749
1719985
1695383
1780902
1809948
1741152
1850479
1841694
1837170
1797173
1820158
1758748
1823185
1751276
1836048
1784035
1864095
1846265
1797149
1756124
1707755
1810095
1741144
1768322
1841829
1823685
1735130
1853232
1738220
1724753
1721443
1693619
1726368
1790832
1798538
1839062
1853305
1831887
1763425
1808309
1807567
1808480
1804496
1798449
1818983
1815877
1848968
1760015
1760984
1780033
1768326
1781483
1756296
1794642
1797121
1856332
1797833
1729268
1724891
1679447
1706090
1751714
1714694
1749112
1827846
1812308
1804394
1814545
1837511
1836726
1823292
1744592
1721712
1824107
1778341
1826318
1835970
1822904
1865394
1788671
1810479
1808386
1817918
1774297
1807234
1806571
1861086
1781102
1788044
1790257
1763148
1740974
1726406
1807826
1825982
1851088
1826583
1772662
1808927
1802165
1831216
1813564
1780700
1810451
1803396
1839894
1855792
1808232
1771384
1864170
1785190
1816784
1843991
1774492
1822312
1856807
1819809
1791957
1790726
1762000
1765578
1796715
1789970
1797393
1780899
1853758
1827387
1780412
1860743
1824836
1773689
1815248
1707803
1817956
1808433
1857338
1832288
1778992
1775742
1792204
1709962
1793121
1648700
1733912
1846525
1827933
1839160
1798469
1851959
1808750
1771014
1809817
1767696
1784427
1812233
1837312
1849243
1868209
1839682
1743824
1780767
1759425
1762474
1809989
1828792
1796809
1822758
1831697
1832440
1785729
1801135
1855967
1844850
1747918
1824989
1858536
1802094
1859354
1815043
1765749
1711766
1748831
1712660
1723447
1850036
1798852
1807374
1803577
1817983
1719132
1780841
1743741
1641376
1777796
1794904
1843346
1783287
1836900
1777964
1817398
1784521
1781634
1737556
1878976
1806966
1815396
1879970
1832799
1775897
1780061
1799440
1774432
1697718
1791685
1857136
1860444
1786622
1831851
1824334
1742628
1782601
1728191
1705025
1823957
1820296
1828813
1762551
1814243
1794902
1827231
1849201
1844381
1837240
1838718
1874265
1836354
1806596
1810437
1769542
1711123
1665714
1729997
1700157
1715714
1882977
1836648
1808576
1766453
1783171
1682466
1688059
1688712
1669185
1733608
1876890
1762310
1846475
1816333
1823359
1761545
1753786
1795732
1866172
1792577
1832336
1881817
1840652
1731598
1783073
1792761
1748958
1659686
1640893
1727364
1829221
1816398
1832053
1863179
1865058
1783170
1850418
1821715
1764633
1816155
1874779
1793405
1824430
1793711
1740885
1743086
1747592
1745284
1812699
1768289
1883815
1820688
1788545
1746930
1748114
1782962
1775661
1800218
1819259
1835556
1791045
1837255
1842681
1852425
1877141
1845887
1748529
1796157
1806814
1801541
1786485
1858320
1879810
1850351
1887750
1750064
1784306
1695562
1793022
1802784
1880459
1817620
1822090
1848224
1746984
1796170
1666871
1684151
1652500
1708817
1808997
1861237
1806790
1881235
1848538
1788613
1787263
1779803
1755143
1723467
1829794
1873457
1831911
1780215
1755255
1807764
1802336
1743146
1771802
1763013
1822033
1849832
1858301
1850709
1833002
1772902
1727908
1731734
1718450
1710115
1864928
1831110
1847102
1783945
1701200
1761704
1672075
1727410
1616088
1708652
1835222
1870459
1761996
1823017
1846163
1828680
1824956
1828155
1815199
1838471
1866853
1815032
1784809
1805180
1800056
1799866
1746616
1765767
1726344
1811444
1813364
1814462
1856660
1868291
1795712
1814410
1713292
1778392
1743108
1725758
1823748
1810192
1821025
1866467
1844085
1772146
1807325
1837733
1783001
1816426
1806113
1871210
1845666
1811830
1851587
1861858
1767805
1766875
1846469
1820325
1822887
1858837
1802793
1870111
1782874
1837827
1561517
1779504
1639354
1809844
1878348
1781534
1812531
1819217
1836875
1752905
1761624
1794259
1750433
1815403
1843749
1844267
1804432
1853903
1775947
1785188
1783961
1799877
1811072
1846265
1855176
1823340
1836942
1815535
1747010
1806992
1697092
1749512
1791368
1733418
1867743
1786666
1807515
1862650
1821604
1804153
1815506
1674325
1726121
1769702
1876510
1815902
1778796
1785992
1823649
1812890
1780765
1757448
1743892
1848121
1809067
1889613
1837311
1781285
1778895
1825737
1822603
1832601
1797472
1868522
1843099
1823051
1837083
1853894
1858996
1787688
1780233
1839893
1759824
1835078
1867043
1804006
1822004
1852868
1838951
1739349
1777626
1790465
1739254
1870864
1861834
1806870
1874217
1845492
1849398
1774990
1783575
1791268
1715209
1827846
1795482
1829739
1825931
1855849
1866867
1828333
1827948
1843184
1852257
1764016
1900288
1780164
1815594
1809274
1861934
1808462
1789020
1825956
1860458
1801505
1794772
1823416
1821425
1896783
1892955
1849923
1811084
1806277
1825647
1853861
1887628
1878220
1789134
1771947
1816689
1761932
1729889
1756449
1782399
1832439
1887205
1832554
1805451
1820672
1758797
1786248
1737300
1622052
1647538
1740002
1879617
1827081
1857209
1828858
1855292
1752350
1722047
1745132
1737319
1758208
1873852
1875119
1824828
1747947
1815538
1827229
1683812
1746052
1660523
1712580
1860199
1808499
1867187
1751172
1744617
1842785
1817381
1723353
1654070
1788669
1852744
1848869
1820718
1749992
1729735
1813400
1794400
1695253
1690977
1812468
1874400
1857427
1829421
1777138
1780575
1791707
1740933
1695498
1698028
1748008
1856692
1881152
1846138
1726518
1803150
1774737
1767572
1788972
1662575
1751041
1864235
1776919
1859386
1843698
1863757
1777972
1760668
1807671
1791031
1811924
1848306
1822820
1799679
1859786
1840629
1828394
1843575
1752847
1755882
1799791
1832945
1849851
1850002
1796547
1756059
1743896
1719344
1659027
1744953
1790632
1811636
1853974
1857647
1849448
1760104
1682602
1768617
1796029
1650905
1797156
1891987
1805138
1823311
1727660
1779907
1819582
1830560
1769544
1736550
1783885
1868015
1830806
1818628
1834148
1822036
1732858
1821008
1808509
1713639
1814138
1861493
1870561
1800263
1781062
1773318
1726657
1789296
1756006
1748927
1748541
1841369
1832841
1842961
1874270
1810186
1773271
1745128
1762358
1760229
1789048
1858269
1860205
1827692
1787039
1767449
1781543
1807858
1821750
1807749
1763044
1883679
1852573
1795924
1862042
10717227
1579810
1729022
1678010
1655244
1764388
1904141
1835441
1771628
1776705
1746042
1660302
1673445
1674212
1692706
1738762
1885836
1822269
1807243
1811840
1881984
1815685
1822484
1765278
1732232
1704066
1846497
1825550
1833911
1824633
1834169
1775333
1818911
1801375
1771431
1821458
1860253
1842992
1846644
1849469
1820672
1820739
1739266
1778286
1782649
1837307
1864906
1855226
1792923
1779128
1805853
1752260
1772355
1739369
1793703
1751033
1844851
1816662
1884896
1802578
1797254
1837835
1829178
1705649
1674863
1783285
1826968
1830023
1800422
1814254
1802953
1755221
1790012
1880386
1839567
1777415
1848186
1804838
1839380
1864096
1767743
1778080
1806540
1800462
1771688
1826557
1827671
1827010
1866965
1860419
1821281
1741631
1791691
1744766
1751239
1752104
1833212
1863017
1806132
1814777
1807067
1809741
1749751
1842295
1751690
1736112
1835133
1890188
1810121
1840147
1835158
1837816
1790397
1824093
1716069
1798151
1831121
1832545
1864065
1802490
1807313
1823843
1814261
1766081
1713890
1779671
1851119
1869881
1847522
1836269
1730595
1794673
1774836
1733469
1795606
1751921
1889389
1810466
1785581
1812152
1797132
1808860
1660489
1680056
1668350
1826163
1866183
1850415
1829904
1801873
1835112
1755947
1844438
1807691
1746805
1865157
1894727
1832465
1813451
1835541
1830081
1835793
1855981
1829926
1817050
1784105
1900062
1869956
1864062
1819014
1821012
1868858
1877938
1831004
1849646
1859730
1826119
1898022
1858508
1859104
1850017
1817747
1811295
1723956
1765100
1827367
1863375
1838936
1887386
1841694
1849566
2238196
2666630
2655373
2611524
2664182
2836474
2726736
2730045
2696391
2703473
2713264
2650943
2658557
2566070
2588880
2739193
2770899
2752424
2699293
2685746
2627573
2731166
2747821
2649967
2691342
2796741
2809133
2720821
2716079
2766929
2753082
2729863
2741892
2727752
2734852
