2703633
1561537
1574511
1583820
1579879
1582961
1587319
1585606
1588956
1593453
1587570
1585067
1583591
1589408
1535131
1530101
1540295
1542051
1544846
1530595
1533636
1534887
1536891
1529657
1531589
1537807
1532281
1543661
1530808
1548801
1148354
1148118
1146893
1202275
1103122
1106172
1136539
1105166
1145878
1085410
1206999
1089582
1090573
1098651
1081468
1073297
1076983
1007129
998909
991286
1049027
1025785
1032561
1022070
1027003
1031979
1026530
1025452
1030747
1028296
1025724
1022303
1042775
1024962
1027597
1027413
1023568
1031390
1026940
1029494
1029558
1031670
1026391
1026774
1036774
1026293
1024015
1030300
1029382
1029040
1025224
1023054
1022693
1033731
1026842
1029646
1045033
1032366
1037478
1040546
1039984
1031346
1030039
1029560
1027724
1037338
1029067
1025484
1032602
1029769
1029859
1033280
1033835
1027902
1029776
1031287
1027415
1032131
1025880
1027970
972779
969137
967808
969236
978369
969712
972255
973447
968109
980729
976541
971176
1004116
966171
979017
974133
977951
971109
966979
968342
1029517
1030231
1027554
1027258
1025902
1027850
1032928
1029113
1025413
1032886
973142
970308
969809
973152
967401
974082
969423
970586
968703
968246
971643
974941
973100
974804
972469
971933
971711
969075
977162
967126
1030572
1037595
1027649
1029437
1024978
1026137
1039534
1026573
1029759
1035325
1032367
1036482
1028186
1027631
1029199
1027345
1030532
1037077
1034282
1034225
1031074
1036150
1027553
1024530
1033535
1026381
1024186
1031533
1025162
1026597
1021833
1023651
1031220
1023554
1027478
1030574
1025095
1024058
1024954
1023943
1030028
1022148
1024313
1030866
1025041
1021854
1026173
1023434
1024383
1024271
1024500
1026417
1023374
1025966
1047659
1025949
1022957
1026504
1025568
1025313
1023755
1024268
1028133
1026184
1029500
1028860
1023472
1026153
1026236
1024746
1023052
1029555
1020861
1024427
1031352
1024488
1024222
1024192
1024931
1037688
1027230
1034652
1026644
1023483
1170233
1029626
1023927
1025072
1022994
1023497
963085
959505
964071
962965
969944
959374
1035050
963145
960666
973388
1023725
1023902
1023251
1021961
1018684
1028257
1019204
1020540
1024133
1023059
960950
966977
962289
960717
961329
964052
964164
963170
959395
961022
972442
962571
961218
958812
959078
971202
965904
962006
953831
960800
961759
958526
964723
966219
957970
967449
958866
964299
956175
960319
1018054
1027976
1021670
1025100
1020639
1022830
1030778
1021784
1017062
1026147
956741
961724
957243
970535
960409
963056
959007
962292
970222
961606
960438
963039
958330
964056
959586
968343
958831
960437
961477
960497
959359
964421
962027
969122
961849
961503
960213
959123
961971
960465
961030
965053
958261
968944
967747
955258
962102
959859
968582
959821
958144
964389
964365
962395
960035
957733
959420
959066
962181
960450
1027619
1019217
1025237
1027653
1020556
1019343
1023974
1021276
1020064
1023043
1032893
1023299
1023076
1022846
1020635
1019790
1021039
1021268
1026572
1019382
1031513
1017640
1023131
1020198
1022406
1022185
1021583
1021619
1034012
1018865
971660
962403
966159
958649
964269
973171
967091
965391
961619
958404
963388
959253
966713
955988
963145
960737
963046
966707
962628
963234
962830
957653
958746
955184
974097
956563
970510
958025
959204
957902
956760
963869
956267
972131
958962
962210
958065
959068
960375
956386
954092
957958
957520
962804
956287
959676
956826
958581
962304
959246
1015895
1021047
1019440
1016683
1019240
1017972
1020835
1021680
1016336
1029401
961855
958515
953573
960370
955052
961577
956812
960891
955353
954839
1021429
1019570
1014039
1027867
1016020
1024104
1017440
1020229
1021828
1020232
1015330
1018860
1015186
1025384
1014283
1020586
1020935
1021195
1015303
1020938
1016628
1028584
1016384
1019623
1016863
1016909
1016731
1017563
1015230
1025194
957321
959706
955318
965901
951946
957667
953433
1035813
960761
957004
1014072
1018709
1017472
1017039
1014906
1013769
1032472
1017074
1015873
1024857
952196
957208
956839
964417
959929
965407
953210
958983
959417
958627
954825
957856
958868
959019
957841
957531
961285
956332
957162
956196
1017295
1024407
1019043
1016062
1026381
1016329
1018190
1015469
1019534
1013984
957089
953238
958622
955014
958920
962632
959018
954107
960455
953638
1029685
1017512
1017212
1016608
1020893
1029731
1023240
1013078
1028797
1017406
1018961
1016782
1027036
1017540
1017047
1022704
1020141
1014926
1022007
1014455
964308
955377
961605
953668
956623
960665
957806
955927
955867
953103
965195
954037
967256
954472
959247
955720
953870
966026
950881
955189
962919
958724
963430
953522
956649
960022
956668
962792
955060
952235
962788
953432
957267
957323
955653
967202
954912
955557
957124
955768
1022587
1017422
1015932
5922745
1019029
1018824
1018259
1023424
1018268
1032020
964129
960903
953898
962487
952747
963915
957583
965763
953713
960763
952194
960989
966153
963479
959883
963464
956651
967486
957068
965239
955659
964606
955083
960723
963501
966231
956563
963609
961007
973985
1019962
1022958
1019983
1026549
1030461
1024157
1019259
1034589
1024194
1027441
958682
971512
957439
957350
962652
960707
965316
962190
959909
960225
1020046
1026931
1020469
1021145
1021222
1024302
1027882
1019084
1021198
1024863
962978
955409
956932
959785
963525
970393
958962
974604
963265
961985
1021238
1024962
1019911
1022005
1021677
1019912
1029101
1017195
1020394
973764
969165
957614
957161
958920
959989
960555
960702
965207
961719
957752
960493
958818
965484
954120
974058
957251
960985
953034
965787
967332
1019842
1018955
1019302
1016932
1018486
1021689
1018733
1025495
1020788
1017389
960975
962636
964100
953776
961737
957073
971110
954025
964489
962749
967315
955967
956255
965696
962412
957839
959493
955208
966995
960159
959432
957374
958281
957829
955188
971106
959112
961142
959210
957956
1019118
1043727
1023001
1024181
982251
955721
969020
957986
962266
961181
967222
959113
956488
959355
956497
2363851
968536
958289
955892
954099
957834
957340
953796
960716
950643
1005918
957469
954022
960790
953984
956192
958585
953440
955312
952748
959795
952490
957388
956335
959665
1023517
1021950
1015253
1021205
1016008
1020710
1016678
1018691
1030239
1018329
1011866
1015533
1016705
1017458
1015519
1030222
1014360
1016349
1017753
1015515
952685
961408
955049
959253
952245
957955
956742
959189
953716
956363
1014943
1033128
1018081
1018588
1016672
1017599
1024624
1018093
1015414
1021437
1014763
1016719
1013282
1014939
1022549
1019613
1015279
1013579
1015157
1022930
956366
953750
956171
962934
953742
954060
954931
952233
959970
954555
954969
959408
955588
954226
956783
956579
962424
951289
957105
953116
956426
966525
952983
959537
955956
951901
956249
953733
958876
954872
952809
952266
957527
960346
955922
969743
958094
954322
956512
956478
1021512
1014444
1017735
1023729
1017344
1015444
1017066
1013998
1023714
1015107
957346
953340
956153
952544
958548
952486
957287
954544
951236
961822
956067
952949
960672
953966
959592
957151
957547
954431
956497
960185
1020461
1016355
1017945
1015393
1020713
1019312
1017672
1023227
1017656
1156239
952719
964676
955317
957653
950983
956342
951007
951583
958624
951106
954454
955358
953480
965654
958412
962887
953966
955359
954458
955672
1016967
1016731
1016269
1015931
1013886
1022115
1013401
1015602
1022518
1018507
1021258
1017239
1099032
1032709
1013967
1015368
1011706
1016343
1024709
1018027
1012923
1015522
1028623
1015567
1013408
1023143
1009884
1018164
1020409
1014818
1015198
1017341
1016192
1016575
1016311
1019656
1015077
1020304
1013169
1015088
1014962
1017758
1014929
1016117
1027081
1017931
1013691
1015249
958900
961250
