1772351
1760825
1687796
1566777
1565942
1574555
1578477
1572277
1570221
1645635
1590508
1571103
1566841
1577597
1563984
1572600
1563134
1555277
1555085
1557946
1574457
1562539
1573129
1557928
1566632
1567627
1568057
1560831
1577624
1557552
1568789
1564808
1581377
1563737
1558592
1556421
1558667
1553455
1557189
1556681
1426968
1412831
1422843
1388808
1386610
1391495
1382391
1367278
1364186
1339534
1327283
1317195
1307228
1297651
1303544
1307495
1288812
1276320
1273775
1267165
1260293
1246392
1240946
1240871
1258356
1246387
1246460
1245136
1240549
1250832
1247336
1241423
1250102
1246204
1249026
1244606
1242525
1242737
1066529
1101691
1245133
1254145
1264286
1244494
1246179
1245684
1254614
1099034
1052163
1102308
1235652
1239191
1238988
1260183
1235410
1236596
1136741
1143631
1052867
1056627
1241016
1237960
1262377
1247157
1237111
1242771
1236295
1254056
1237980
1233803
1245709
1241354
1237817
1236834
1246931
1246250
1240015
1236943
1056157
1106661
1051375
1055436
1051647
1048824
1054629
1050162
1053763
1050851
1234367
1215811
1232303
1230203
1232242
1241449
1242973
1230579
1234321
1237941
1235528
1235993
1253674
1235171
1233582
1231721
1231714
1236835
1242223
1230299
1227584
1254529
1234356
1234069
1247043
1233318
1237540
1231365
1232250
1235958
1228178
1233977
1233134
1231779
1241249
1239035
1233665
1234338
1227545
1238446
1238994
1240504
1242690
1260422
1228885
1236887
1232045
1241587
1235440
1233885
1235599
1230459
1230404
1234458
1242583
1233494
1243609
1230713
1232346
1238413
1232293
1228253
1239243
1232928
1233260
1242012
1232192
1233451
1231382
1182493
1080844
1099322
1237978
1238369
1228675
1227869
1230028
1246806
1229434
1228986
1228574
1240165
1053764
1050603
1054057
1268133
1049146
1055949
1056492
1047997
1047177
1073882
1233786
1229706
1234908
1253206
1047608
1051760
1056057
1046646
1186515
1090390
1050160
1050777
1056780
1051711
1044000
1066671
1051679
1045483
1049052
1084791
1244263
1252640
1232572
1231790
1226312
1246019
1232215
1228749
1230564
1245105
1053973
1051114
1053125
1047177
1060296
1049763
1052134
1045921
1049698
1070750
1049463
1051088
1053623
1049966
1046234
1046577
1051210
1059097
1047716
1067103
1049855
1048984
1047164
1049280
1045847
1050284
1048168
1045472
1052624
1063319
1052901
1054662
1047592
1052193
1049784
1048419
1062571
1051723
1046409
1010423
980519
989349
983902
1000170
990970
982553
986953
988802
1006793
1011524
1230198
1236340
1230241
1238015
1233796
1225068
1230642
1080850
1049578
1098304
1241092
1234339
1230738
1225612
1258052
1235811
1228293
1234013
1229416
1232436
1046580
1055236
1048063
1047226
1047911
1045978
1050565
1048428
1051391
1167850
1228281
1228383
1246931
1231764
1232221
1231530
1230190
1229687
1242536
1222384
1229310
1231863
1229429
1231657
1239560
1229123
1228110
1227146
1230743
1236613
1071563
1050150
1055279
1053153
1047524
1048345
1052901
1046819
1044832
1049077
1049308
1057898
1049695
1046448
1051450
1044510
1043291
1048595
1047005
1068188
1234397
1231718
1233268
1244903
1242259
1233809
1235282
1239192
1232556
1249560
1059277
1046355
1051796
1059431
1047067
1050766
1045547
1044812
1065518
1059911
1050547
1047855
1046690
1058679
1042878
1050143
1053209
1044724
1050355
1057023
1052048
1057343
1052524
1050420
1046546
1051060
1049856
1045455
1047295
1012457
1049933
1049098
1049131
1050351
1055440
1049406
1050696
1050690
1049428
1065803
1046915
1048656
1055169
1045784
1047552
1065894
1045888
1047747
1054244
1063820
1239682
1226954
1230458
1227011
1230054
1235310
1227729
1047350
1048895
1094702
1230334
1233523
1232365
1227390
1231191
1225898
1234937
1229498
1226535
1228336
1047784
1055226
1047516
1049921
1063245
1045631
1050103
1056009
1045851
1069216
1229372
1231385
1231876
1228168
1253035
1229703
1221845
1236324
1248356
1232925
1052364
1046908
1046183
1051110
1052952
1052000
1047409
1050393
1052436
1085419
988962
984788
980768
989558
985523
986298
985126
980030
984799
1042246
1047477
1059582
1047364
1051188
1061757
1046570
1048928
1053694
1044504
1217140
1047242
1047328
1049224
1047967
1049828
1046064
1051348
1053852
1046240
1175281
1233718
1230545
1237269
1228105
1229398
1252827
1231353
1243067
1227268
1061637
1052988
1054194
1048484
1064854
1045708
1046262
1052659
1045894
1047541
1072761
1050253
1052339
1049141
1048598
1064234
1051460
1046634
1053524
1048184
1045066
1051433
1050315
1062067
1051535
1094114
1057014
1051523
1046440
1052988
1063697
1236835
1229505
1233350
1229571
1229195
1244559
1230414
1045804
1046192
1095581
1234247
1232956
1232853
1229837
1227077
1229661
7160281
1224793
1254190
1236132
1053523
1047830
1051379
1046206
1052276
1047128
1041552
1055242
1051957
1054502
1235885
1223956
1249065
1236277
1222726
1232591
1252603
1080453
1049595
1098287
1050024
1045166
1061080
1043262
1050959
1045404
1043197
1056065
1047322
1089320
1060981
1046050
1052240
1045056
1046371
1068718
1047789
1049695
1053827
1091061
1049534
1047595
1050647
1052824
1047355
1047349
1057419
1048375
1044715
1081877
1044685
1052284
1044629
1044838
1050014
1047014
1043219
1061173
1047165
1098074
1052507
1049548
1054237
1045179
1048655
1049494
1051581
1055652
1046101
1057508
1066215
1051162
1048070
1046053
1047137
1054936
1050084
1050231
1053815
1066017
1053929
1048663
1044989
1050948
1046196
1041535
1065360
1044984
1045899
1066614
1047599
1050779
1046327
1049850
1056138
1044554
1048736
1058001
1047753
1064708
1051143
1052166
1052220
1050240
1047623
1052982
1049344
1048634
1064348
1067601
1239181
1238351
1230376
1233415
1229139
1234564
1234742
1231456
1223101
1232161
1051067
1057015
1045871
1052213
1056928
1046395
1042368
1045596
1046711
1059447
1050301
1049958
1063622
1045854
1051488
1043890
1048102
1195100
1048237
1057412
1235032
1050269
1102310
1165639
1047388
1045684
1050093
1046793
1050761
1052880
1062328
1042269
1052237
1050299
1050149
1044853
1048326
1049502
1045719
1055245
1049391
1052386
1049055
1044451
1064086
1050679
1050467
1050067
1052445
1069643
1051011
1047894
1052806
1051509
1049900
1048536
1044051
1059230
1050732
1252116
1049929
1045787
1052663
1043824
1049402
1061830
1043815
1047477
1044539
1038527
1208266
1200720
1205902
1206472
1218529
1208455
1210471
1207939
1035302
1022583
1028166
1034842
1028029
1031931
1033240
1023741
1028345
1031336
1023527
1129806
1227159
1204170
1204324
1203712
1229348
1208693
1211612
1206157
1212827
1214055
1025323
1028447
1025841
1026549
1025650
1023815
1034606
1021005
1025520
1145966
1025323
1021727
1033758
1026742
1022979
1023001
1026429
1023401
1022935
1026955
1204388
1021388
1025016
1033158
1027442
1023201
1132280
1028233
1025447
1041750
1025578
1027500
1026335
1026276
1032013
1026389
1027146
1023251
1025157
1031313
1025987
1020990
1040424
1026857
1024855
1031222
1025830
1022697
1022543
1026536
1027485
1021224
1022360
1036849
1017162
1018827
1026803
1018998
1016057
1021173
1016963
1019474
1021857
1019819
1015584
1020485
1018009
1037800
1015397
1018622
1014536
1019051
1023095
1016933
1015895
1027502
1016322
1016925
1023987
1019110
1024586
1018674
1017789
1025042
1015846
1019405
1015838
1017011
1021689
1019377
1016067
1019833
1017604
1021797
1015642
1020444
1029433
1016571
1015260
1026718
1016372
1026417
1014339
1019072
1019044
1015509
1015961
1028917
1015629
1018361
1016936
1018901
1028467
1018784
1017110
1018438
1019551
1023292
1014855
952868
1016720
1016929
1027630
1017875
1016780
1021454
1018001
1015843
1020335
1015220
1026355
1017058
1021535
1014578
1015826
1030367
1018805
1017671
1020003
1014545
959122
955424
954866
951227
954581
952455
952964
952374
955069
973987
1019174
1019535
1019393
1015737
1019489
1016398
1022597
1017253
1019054
978286
1016758
1026642
1018996
1014174
1033735
1015809
1016666
1023058
1016876
1015466
955772
951053
956409
950966
957879
950232
954288
950715
952708
956069
959148
951902
957802
952237
950876
950100
948559
958186
955930
953845
1025730
1013569
1014084
1025532
1016139
1017035
1020379
1016070
1015916
1018308
964676
954761
952250
953850
953070
964732
952688
953919
951807
978800
