27429988
25093488
24072305
25632677
22589390
20661966
20994301
24574805
21429673
25675000
20640369
25849453
24907648
21417321
20756680
22885964
20938321
30670546
26035101
31088143
25999569
34523068
26568249
32005679
26248423
21903506
34445561
25514669
29691812
23554290
30132834
22895718
32583904
23637502
23766175
30408202
23139417
27506385
25199090
25255679
45955776
26830226
51189048
25957068
25863256
24673643
24559248
24880218
39858134
24313087
44072039
24928428
24350948
39871060
22879642
24453151
23896254
29436540
23990565
24836049
25480929
34988322
26519000
36938381
24726321
49258598
24154204
23983456
24676731
28127312
23949580
43421052
24593923
30624218
35450884
29853276
25250717
24474921
25556930
24377942
24858882
24997652
25833229
24603369
23890685
30349720
51422383
46344167
26682483
33965389
23397874
24697199
27407683
25781555
26218964
32880521
38508230
35238481
42258346
67374090
