33086240
28547597
24417405
18945240
29567297
28759267
21466027
27369566
28847500
24917704
26709610
24492131
25417704
19613092
19509912
19023226
19771780
19382684
16133323
16239149
16612813
16406643
16385516
15858920
16345996
14595803
13502577
15116509
16326463
15549033
14707457
15986529
17843091
17355337
18452898
18152999
17566656
28553308
15176692
14988858
15318707
13740469
15031302
15989520
15446763
17316480
24593448
33978406
20135878
18981921
20429257
15919811
15158029
14942165
15810638
16401434
16432173
29470792
16297562
15300672
15100635
15885197
26538300
16622052
16310650
15788055
15854332
25990040
16205646
15802527
20275862
15242614
14367289
15501644
16241881
22070376
16566601
16238984
20905771
16122461
16109705
14741202
14169449
14848145
15624707
27327837
16839773
20567001
16561187
31688610
21282206
29682955
22207119
22114270
27912060
21548535
21341341
26042211
19430905
33898106
