18094476
13337873
14450582
13631243
20012527
27259666
29326096
31410027
17764244
21575274
19540575
14031760
19388805
15800005
17668528
19003512
18941828
20631613
23804947
19632568
19122734
21729089
24739887
26813468
20765027
21716226
22235188
23071400
20614181
16924315
22125427
19783330
20842624
22949169
24184656
27635495
26025279
24312069
24817557
23944270
21238585
22575027
20241315
22383375
20394244
16521690
20268647
19769158
20832131
20644792
18257071
20213879
22904192
18688761
17926433
21003716
18654690
24062114
22845387
21336528
19877626
18293429
18408366
20363535
20472505
21718720
17140573
21291447
21973218
22106194
19413729
20368896
22192618
21631782
20623884
19595810
19514055
18652455
20191809
28221418
23035260
16128479
21468792
18476895
15537563
17529577
16598006
19925272
22709053
21370163
23527632
20407751
16427972
16147098
19954473
22077849
15154953
16390161
17015840
22505177
