20280229
18298023
26626884
25340389
25966992
23821435
20957083
20135600
20533654
18930048
15207478
24879287
25397834
20660930
20280748
26841795
22739934
25480371
24197090
24198138
15854223
15062310
15210515
17896176
14432576
14428602
16275218
15932869
16162769
16311691
16729562
17107482
16788451
16237613
16069062
15554085
14381759
15623597
21759341
16082332
15634492
16054456
16118149
16592244
16658338
16864592
16263200
16224043
22826351
15459287
15708056
17334882
14748483
15277139
16334406
15731392
16319305
17090729
17028216
20659252
22893365
36578171
22124198
17369272
17062809
19973948
17482936
19255996
20974960
18196513
16657277
16952939
16462988
16004285
17475035
16064704
16999037
17463987
27834142
22337738
21692860
21960088
22765154
27794591
25009346
21661021
20686071
21392604
19904233
19953822
23690707
15700136
15923817
16067736
15470488
16239193
19274032
31899471
25416132
23703347
