17754799
14997349
19007673
29243991
26781984
19207783
25875149
24561327
22471589
27157298
24973686
22976346
22069687
21453614
16327042
19593742
18290131
12295110
14781485
21027033
20757280
22415562
20606524
21095764
16037821
20577994
15011155
13438785
13596672
14764520
21357045
21218551
21438418
16791355
22488209
17195316
22138576
22209408
21884745
21043814
30106378
25275700
19214716
26297226
25125490
25222960
21421127
17140666
22257345
24157664
22367267
22702093
17571976
22138068
21978943
21821181
21144587
16288973
23507814
22140391
15959138
19733642
16139594
29930186
16722033
16787295
21540787
16403171
15905025
15723636
16146564
16374577
15503415
22704040
16231540
16840340
28980892
22216986
22933731
18074082
22131896
21743701
20798498
21820838
21849948
20391936
35040420
15442458
15640462
15823618
16043142
16220778
15508832
27217599
24438757
23919116
29222102
22930868
23150230
25835744
