3650230
3644325
2222548
2222521
2223884
2241557
2225920
2241563
2264345
2227647
2222271
2251532
2228448
2234345
2228825
2232239
2267747
2239508
2222247
2238276
2226729
2223151
2223242
2223217
2222702
2222438
2227395
2228904
2244435
2229919
1914426
1904784
1904783
1910329
1914495
1904837
1904785
1904784
1922008
1912593
1912538
1904786
1904784
1905542
1911636
1909088
1904785
1904784
1910868
1910793
1904878
1904838
1915545
1911658
1917321
1904939
1904784
1911962
1923271
1913030
1909425
1909511
1904783
1904798
1904783
1910078
1917375
1904798
1904939
1904913
1904822
1916140
1909599
1904785
1904862
1904858
1911579
1915176
1905251
1904938
1904847
1916351
1909234
1904784
1904934
1904785
1910156
1910430
1904952
1905095
1904850
1926323
1915208
1904937
1904783
1904936
1911093
1910021
1904914
1904862
1904874
1919919
1909784
1904838
1905192
1904860
1914612
1909234
1905422
1905477
1904877
1915732
1909130
1904916
1904784
1904863
1913071
1910850
1821859
1481556
1909140
1927473
1904940
1904784
1911512
1917666
1910135
1904942
1905015
1920244
1904833
1904783
1908800
1488054
1481518
1481680
1496208
1481558
1488176
1487411
1909049
1909668
1904783
1904862
1904783
1910141
1917797
1904939
1924228
1905116
1904847
1904783
1917162
1915535
1904838
1904785
1905044
1917481
1914341
1904856
1921029
1908914
1904861
1904841
1915118
1911803
1913027
1905093
1904963
1911642
1904828
1904785
1910138
1908955
1933891
1904783
1904837
1911834
1918076
1910125
1904808
1916933
1916325
1910483
1904783
1904784
1911646
1911728
1923599
1904865
1904873
1915360
1909463
1909328
1904916
1904783
1915797
1911649
1919532
1904861
1904814
1904861
1904784
1913739
1915903
1904857
1905003
1911954
1918207
1914126
1922339
1904856
1904863
1904783
1914294
1910861
1905029
1905015
1914467
1908902
1914230
1909249
1904808
1905071
1805363
1485864
1481560
1481552
1491470
1481498
1904867
1914672
1909857
1904797
1904783
1904783
1909368
1931161
1904784
1904942
1904853
1904784
1904783
1915032
1915515
1904936
1905027
1914194
1909376
1909093
1904791
1904783
1904857
1929318
1910355
1904805
1904839
1904878
1914443
1911460
1904873
1904783
1909861
1915456
1904836
1904783
1914800
1917139
1911516
1905350
1914059
1909259
1904778
1904863
1905107
1910584
1910131
1905016
1905072
1905119
1904795
1904837
1904784
1910328
1915435
1904861
1904784
1904941
1920441
1910581
1904799
1904783
1910395
1910194
1904778
1904853
1904784
1911011
1918673
1904784
1724060
1481500
1485666
1481571
1481501
1492344
1481514
1489735
1481558
1481559
1723244
1491297
1481551
1481531
1485904
1481550
1481520
1484856
1481530
1481669
1904807
1914747
1909194
1905028
1904783
1904782
1911898
1910877
1904860
1904883
1904869
1914625
1914607
1904860
1904853
1904783
1909460
1911137
1904861
1905146
1915901
1915055
1904917
1904785
5026413
2666715
2666698
2666697
2222247
2222247
2222260
2232263
2227457
2233581
2231100
2227149
2232009
2222247
2222247
2222247
2222288
2222248
2232548
2230221
2227728
2232261
2229997
2226832
2222247
2222247
2222272
2222247
2231100
2227215
2233977
2228822
2227074
2232617
2222247
2222247
2222256
2222251
2222246
2233873
2231128
2227031
2232122
2229852
2226989
2222247
2222262
2222247
2222248
2222247
2222247
2231710
2227649
2226437
2236115
2227336
2226803
2235810
2227435
2229759
2231956
2229376
2222248
2222247
1541319
1488390
1434908
1341151
1333349
1333348
1337435
1333348
1341155
1333348
1333349
1333348
1451013
1333347
1333348
1333348
1333350
1340821
1333349
1340148
1333349
1333348
1435221
1338871
1333348
1333349
1340992
1333348
1338639
1333349
1333346
1333349
1436920
1333348
1337544
1333348
1734805
1337881
1333349
1336811
1333350
1342130
1433785
1422090
1333347
1333348
1333350
1382553
1406345
1333349
1338427
1333348
1435606
1339950
1333348
1337561
1333348
1333350
1333349
1333348
1340074
1333348
1491607
1333348
1394743
1337217
1333349
1467108
1333347
1404736
1337724
1333348
1439241
1374458
1337704
1333347
1476300
1333349
1388865
1337294
1333348
1476336
1436197
1333349
1333348
1333347
1336747
1333350
1341389
1333349
1333349
1333348
1436983
1342902
1333349
2377653
1339666
1333349
1344171
1333350
1333347
1336471
1487218
1481500
1481500
1485351
1481498
1486294
1481498
1481499
1488710
1481558
1481505
1481498
1496678
1481498
1485228
1481498
1481498
1490411
1481498
1481499
1481523
1487205
1481498
1485723
1481501
1481499
1486118
1481498
1481498
1489014
1481513
1487636
1481498
1485412
1481498
1481499
1486965
1481498
1481500
1496213
1489811
1481498
1481498
1487854
1481494
1490041
1481498
1481499
1487689
1481498
1481504
1481502
1487270
1481500
1485422
1481498
1481498
1486653
1481496
1481498
1489677
1481498
1481498
1487152
1481499
1481498
1488852
1481498
1481498
1485782
1485850
1481497
1489495
1481498
1481498
1486967
1481499
1490606
1485294
1481498
1485788
1488650
1481495
1481498
1485667
1481498
1481498
1489918
1481495
1484864
1481854
1486894
1481500
1497204
1485294
1481495
1486368
1481498
1481498
1485444
1481520
1491583
1481498
1481498
1484807
1481498
1490236
1481498
1481498
1485688
1481504
1491790
1481498
1485285
1484704
1481498
1489740
1481498
1481559
1485589
1486794
1481498
1481497
1485165
1481494
1486237
1481498
1481498
1486181
1481498
1497127
1481497
1481498
1486307
1481498
1481498
1488711
1481494
1498135
1481498
1429702
1387566
1337719
1333345
1476728
1333348
1403828
1344539
1333348
1452649
1486216
1481498
1481498
1485361
1481498
1488066
1481494
1481498
1485091
1481495
1436833
1357344
1333348
1341436
1333345
1333349
1333349
1333349
1340666
1333345
1485733
1333349
1333347
1383446
1333345
1456240
1333348
1421505
1372372
1333345
1435446
1333347
1339949
1333349
1341227
1333345
1333349
1338860
1333346
1340732
1434365
1405215
1337255
1333347
1451982
1333348
1421306
1338077
1333344
1433539
1442707
1390924
1445632
1732021
1333344
1333348
1338257
1333349
1481430
1333346
1489680
1333349
1473345
1333349
1333350
1369498
1333349
1448332
1333345
1333349
1438061
1343122
1333348
1333348
1333348
1333348
1341701
1333348
1339770
1333346
1440705
1333349
1333348
1337384
1333348
1337490
1333347
1333350
1339358
1333344
1439762
1373962
1418359
1442755
1333349
1333349
1379987
1413087
1333344
1337152
1437747
1339104
1333349
1333349
1367101
1333347
1336699
1333348
1333349
1333348
1435088
1337548
1333347
1342661
1333349
1333349
1416213
1333348
1339812
1333348
1440553
1333403
1337377
1333347
1333347
1337345
1333349
1338919
1333345
1333348
1439488
1333349
1333349
1333348
1333348
1337022
1333350
1342758
1333345
1333349
1449571
1333347
1337768
1333348
1333350
1340994
1333347
1354441
1333348
1333348
1440860
1333347
1372831
1333345
1340500
1333349
1333348
1333348
1333350
1339739
1437650
1333350
1341735
1333348
1336674
1333348
1333347
1343093
1333348
1337418
1435980
1422586
1333348
1333348
1333349
1387465
1400931
1333349
1341869
1333344
1461583
1333349
1333349
1396100
1390322
1472549
1333349
1333346
1388474
1333347
1445281
1333349
1338001
1333348
1333349
1333414
1437404
1410752
1333345
1340830
1434891
1333347
1333348
1333347
1458588
1333347
1336894
1333348
1333348
1342093
1477003
1333348
1465595
1333349
1333348
1359114
1348227
1444245
1333348
1333348
1500522
1333348
1333349
1362870
1383952
1341032
1333348
1439289
1333348
1354070
1524206
1333347
1337453
1333344
1400554
1387156
1333349
1481497
1333348
1333350
1438519
1474662
1333348
1333348
1378863
1333348
1462733
1333349
1333409
1360446
1445742
1333348
1333349
1333348
1333347
1337482
1333348
1341626
1333345
1333349
1435069
1339621
1333349
1337559
1333349
1333348
1333348
1333349
1340266
1333344
1439842
1333350
1338444
1333349
1333349
1333350
1333349
1395079
1333347
1341435
1437964
1333349
1333348
1333348
1342295
1333349
1341241
1333349
1333347
1333350
1432052
1342145
1333347
1337396
1333345
1333350
1339440
1333348
1340909
1333345
1443191
1333348
1341003
1333346
1333348
1341182
1333348
1341164
1333350
1333347
1436075
1333348
1333348
1333349
1337754
1333345
1346081
1333348
1333348
1333349
1435521
1333347
1333348
1337525
1333347
1336856
1333349
1333349
1333350
1333348
1441962
1333349
1333351
1333348
1338467
1333349
1342523
1333349
1333349
1337991
