4934224
2507623
2505853
2456775
2229261
2229806
2234442
2227885
2238225
2222612
2293709
2228183
2227436
2252494
2230327
2243491
2234069
2226784
2248020
2222429
2222263
2222254
2222528
2222344
2222396
2231172
2226899
2234153
2227440
2226742
2222264
2222252
2222251
2222264
2229737
2227293
2236319
2226847
2227718
2232263
2222264
2222892
2222891
2223715
2224363
2228128
2232928
2230906
2229408
2234218
2222257
2080150
1914755
1918935
1905813
1904790
1904790
1909758
1909845
1905171
1904789
1904790
1914978
1923698
1909461
1904860
1905022
1909763
1909098
1919006
1918167
1904783
1904787
1911068
1918985
1909271
1904782
1904866
1919304
1909870
1909153
1904798
1904946
1904789
1913722
1910622
1904783
1904790
1909715
1908720
1914197
1914228
1904861
1905042
1904867
1919126
1910025
1904859
1904791
1914630
1908607
1904782
1904791
1910932
1909955
1904992
1904786
1904790
1909735
1914160
1904801
1904790
1913994
1915620
1905033
1904869
1904789
1909054
1909290
1904783
1904791
1909484
1915014
1913151
1904782
1905035
1917060
1910922
1908860
1904859
1904800
1908938
1923551
1904954
1904790
1912696
1920059
1909876
1904938
1904869
1916714
1909196
1904784
1904866
1916690
1917686
1916924
1904938
1904790
1909212
1904783
1904868
1904789
1924638
1913393
1904939
1904790
1904790
1909221
1913924
1904785
1904790
1904790
1917567
1908931
1904877
1904950
1916632
1912627
1909720
1904897
1910079
1908692
1914214
1904782
1904867
1914388
1916144
1911772
1904782
1904800
1908951
1923008
1905091
1904800
1912115
1921499
1909630
1904783
1904878
1909905
1914495
1913805
1904801
1905180
1920202
1917596
1905114
1904789
1904948
1909223
1908516
1905171
1904790
1905271
1910679
1914902
1904783
1904867
1904868
1909848
1908760
1904782
1904871
1912080
1913445
1914938
1904860
1904945
1909496
1908971
1917113
1922391
1904881
1905256
1912541
1915309
1905033
1904944
1905102
1904800
1909278
1916359
1904827
1904876
1904791
1918107
1909316
1904842
1904869
1904802
1904793
1904791
1910904
1910223
1904782
1904867
1912907
1909804
1913575
1908456
1914031
1904785
1904956
1905259
1916564
1908533
1904834
1904944
1905101
1914298
1914169
1904783
1905306
1904878
1915943
1911290
1904938
1904880
1904788
1904799
1914488
1908977
1904955
1904788
1904794
1910298
1908896
1904783
1905570
1904792
1922492
1909323
1904881
1904790
1904869
1909117
1912881
1905095
1904956
1904796
1904791
1909262
1910210
1904802
1905022
1904790
1909592
1914048
1905017
1904803
1904790
1915175
1910587
1905172
1904946
1904915
1908875
1917872
1904939
1904794
1904800
1904790
1909055
1915384
1904801
1904789
1910105
1915251
1908675
1913530
1904782
1904791
1908829
1923673
1909978
1904783
1904947
1914763
1919315
1920483
1908887
1905034
1905064
1904954
1915823
1909368
1905173
1904927
1909679
1904793
1904869
1914867
1916335
1904940
1905198
1910208
1918147
1909627
1904861
1908998
1904782
1904787
1904805
1913744
1915097
1904861
1904791
1905023
1908739
1904800
1904791
1921230
1910358
1904782
1905065
1920437
1913252
1910119
1904784
1904802
1904790
1914573
1914782
1905036
1904944
1904867
1909458
1909094
1904782
1909113
1904783
1904867
1904868
1917257
1919931
1904782
1905048
1905181
1914725
1909263
1904861
1904787
1904791
1911728
1919261
1904784
1904799
1904867
1909136
1914711
1908997
1914235
1904783
1905426
1917071
1909646
1918064
1905011
1905180
1913321
1904959
1904800
1904790
1921213
1915994
1904875
1904869
1919191
1910847
1904799
1914374
1910151
1904937
1905187
1905041
1911864
1909701
1905177
1905101
1908759
1904782
1904790
1904790
1913792
1919071
1904784
1904788
1912466
1917941
1904803
1904790
1904790
1915535
1913607
1905016
1905022
1912059
1915151
1916744
1904806
1904790
1904790
1910096
1919130
1904860
1904942
1911964
1911864
1914737
1904792
1904791
1904792
1910051
1919570
1905015
1904946
1904875
1912942
1917474
1909740
1915076
1904860
1904944
1914960
1918334
1914839
1904937
1905401
1919421
1909298
1914299
1904784
1905079
1913341
1916578
1921321
1904938
1905318
1919695
1908923
1904782
1904881
1904949
1918467
1919253
1904783
1904944
1905026
1922080
1909687
1904783
1904947
1914732
1914079
1904783
1904946
1904866
1910388
1920952
1913518
1904782
1904791
1911345
1916839
1917953
1904783
1904790
1911706
1921453
1913894
1904782
1904961
1910906
1911326
1904783
1904790
1904867
1912742
1916846
1920483
1910122
1904860
1904790
1905025
1911285
1915701
1904940
1904789
1905034
1914357
1904782
1904790
1905099
1921438
1911339
1904782
1904868
1905413
1926445
1904801
1922053
1910026
1909322
1905110
1904790
1915284
1910794
1915157
1904861
1909368
1904963
1904790
1915905
1913307
1919247
1904782
1905156
1911052
1916794
1904800
1904791
1914785
1915125
1912788
1905093
1904865
1910432
1913226
1915376
1909218
1904782
1904790
1910176
1917966
1918478
1904959
1904868
1912231
1915957
1909474
1922967
1904861
1904943
1905501
1918721
1909399
1905143
1905243
1905106
1904800
1904787
1909373
1914908
1904939
1904865
1904946
1909838
1918200
1904859
1913517
1904784
1904877
1904868
1915344
1912674
1904879
1904966
1917181
1917549
1904803
1904790
1904790
1915362
1914908
1904878
1904790
1904865
1914260
1913278
1913141
1914490
1904782
1905020
1905786
1916381
1913504
1904782
1823815
1773267
1904877
1914041
1909278
1914567
1905406
1905182
1908861
1918012
1904943
1904932
1913407
1913644
1909646
1905015
1905036
1912863
1913671
1914349
1905049
1905035
1904800
1914214
1922602
1911476
1905112
1904787
1917835
1910789
1909428
1905251
1904881
1915411
1909624
1904876
1904866
1904946
1910033
1913385
1904939
1905020
1904797
1904790
1904790
1917000
1918500
1481498
1481503
1529829
1481558
1485612
1909224
1908634
1922154
1905016
1904869
1776503
1562458
1904860
1568962
1488418
1909414
1904783
1904790
1915686
1916709
1915377
1904939
1904964
1913005
1910600
1904811
1904789
1910588
1910523
1905287
1905024
1671851
1655505
1481558
1481503
1913820
1908926
1904861
1905023
1917784
1918117
1904782
1905241
1905021
1909487
1904804
1904790
1914684
1916699
1905241
1904944
1904868
1915957
1913424
1905017
1904806
1904790
1914088
1913597
1905172
1904946
1905015
1910171
1909533
1904782
1904799
1904790
1904868
1910226
1920158
1905173
1904790
1905026
1917524
1910208
1909239
1904785
1904790
1904946
1914445
1922017
1904861
1904868
1915508
1913187
1909345
1914644
1904784
1905102
1916933
1918294
1909402
1905016
1904948
1920409
1904802
1904790
1909779
1911684
1905187
1905023
1904790
1914270
1915977
1905172
1904800
1904790
1910256
1910081
1922057
1905017
1904867
1911923
1919386
1905190
1912914
1904782
1904790
1904959
1920533
1910877
1904860
1904790
1920605
1912038
1913350
1909209
1904782
1904877
1920772
1914824
1904860
1904884
1904792
1913607
1908867
1909100
1904782
1904799
1904790
1910777
1917548
1904800
1904945
1917336
1913580
1909076
1904784
1904878
1904790
1911706
1920547
1904877
1905249
1904866
1904806
1904791
1913265
1910124
1905252
1904790
1910766
1910438
1920290
1904944
1909677
1915189
1904784
1904788
1905029
1917848
1909355
1904860
1905423
1905096
1904791
1904790
1905103
1913363
1924246
1904860
1904956
1912129
1911911
1920571
1904802
1904872
1904790
1910682
1920305
1904782
1904786
1904944
1918910
1911080
1908593
1904786
1904786
1904865
1912444
1912476
1904860
1904868
1905026
1914461
1909406
1914281
1904782
1904802
1904942
1920089
1909777
1904939
1905109
1920338
1915403
1914003
1909853
1904957
1905023
1913306
1909108
1920259
1905094
1904868
1904793
1904789
1923588
1914657
1904956
1904870
1904866
1911052
1910454
1905016
1904793
1904790
1914423
1911179
1904955
1905175
1904948
1912763
1912488
1904939
1904798
1904869
1914696
1911204
1904953
1904869
1904870
1913676
1911396
1904938
1904800
1904791
1915761
1910016
1904860
1904958
1904790
1911639
1912439
1904909
1904790
1904790
1922514
1910746
1914689
1905018
1904867
1910355
1915308
1918445
1909124
1904860
1904792
1910580
1913786
1904956
1904864
1904944
1911357
1918818
1904801
1904868
1904790
1914946
1914678
1904939
1904870
1904945
1911795
1921822
1914285
1904785
1904867
1911078
1914350
1918977
1904940
1905102
1913382
1918482
1908890
1922679
1904782
1904791
1916957
1920575
1909111
1904782
1904956
1918332
