3291752
3076965
3077724
2227492
2228001
2222247
2222246
2222247
2222246
2222247
2237302
2236327
2227523
2233522
2231153
2226842
2231671
2230586
2226900
2231258
2222275
2222249
2222246
2226642
2231147
2232484
2229246
2250064
2257085
2258640
2237517
2234335
2222246
2222246
2222248
2222246
2222246
1639021
1339003
1333347
1486340
1481498
1497586
1488906
1481497
1481558
1502309
1481497
1481497
1484476
1481754
1481499
1484928
1481498
1481498
1491290
1481498
1489154
1481497
1481499
1488541
1481497
1485722
1481498
1481498
1489907
1481497
1481498
1495069
1481498
1482035
1333348
1341369
1333348
1434939
1356850
1333348
1339634
1333348
1444760
1481687
1481497
1489283
1481498
1481498
1487789
1481497
1481497
1484479
1481498
1494656
1333354
1333347
1339803
1333348
1336598
1333348
1333347
1339348
1333348
1489699
1481497
1484814
1481497
1481498
1487978
1481497
1481498
1487822
1481497
1481508
1481498
1484892
1481497
1481497
1492049
1481500
1481498
1484287
1481497
1449238
1352264
1340481
1333349
1452369
1333350
1360391
1339388
1333347
1477048
1481499
1481499
1489011
1481498
1484683
1481498
1481497
1487446
1481497
1481497
1444114
1745691
1333347
1333347
1392140
1333347
1477671
1333347
1333348
1381145
1487575
1333348
1333347
1333348
1368625
1421572
1333348
1333348
1333348
1379520
1479109
1333349
1340453
1333348
1438498
1333348
1348937
1339108
1333348
1452429
1447712
1433418
1333348
1333348
1333348
1370778
1338351
1333347
1478745
1333349
1481785
1481498
1484000
1481498
1481497
1485503
1481498
1481497
1495103
1481498
1491111
1481497
1481499
1489327
1481500
1481497
1486121
1481498
1490398
1481497
1481515
1492561
1481497
1481499
1485015
1481497
1481499
1484974
1481498
1481498
1495707
1481497
1481499
1484476
1481497
1481498
1488532
1481497
1486337
1481497
1481515
1487595
1481498
1481498
1484234
1481497
1486433
1481499
1481498
1484119
1582143
1333347
1336063
1333350
1391341
1397448
1333348
1471566
1333350
1333348
1481518
1489503
1481497
1481498
1490237
1481498
1481498
1484466
1481498
1481499
1491146
1481498
1481498
1484164
1481499
1490336
1481499
1481497
1484229
1481497
1491970
1333348
1335806
1333349
1333348
1333348
1333348
1335849
1333348
1338522
1489909
1481498
1481497
1488094
1481498
1481498
1484747
1481498
1481498
1486968
1442083
1420788
1336119
1333348
1437482
1333347
1433653
1333348
1333347
1422355
1481520
1487391
1481498
1484783
1481497
1481498
1487393
1481497
1481497
1488389
1481516
1481498
1487713
1481497
1481499
1488418
1481498
1486988
1484552
1481498
1452093
1411037
1333350
1336068
1333349
1397967
1393672
1333349
1471871
1333348
1446698
1333348
1363761
1342685
1333348
1476736
1333348
1378136
1337906
1333348
1481518
1481498
1490122
1481498
1484500
1481498
1481498
1487520
1481500
1481498
1487644
1333347
1336088
1333347
1416799
1371375
1333347
1453157
1443402
1333349
1658565
1489073
1481498
1481498
1488240
1481498
1487768
1481498
1481498
1488008
1481683
1481497
1485133
1481497
1484081
1481497
1481498
1485320
1481497
1481498
1481520
1491918
1481498
1485677
1481498
1481497
1491255
1481497
1481498
1484990
1448957
1344724
1333348
1333349
1337494
1333348
1347510
1333349
1333349
1333349
1481520
1481498
1484706
1481500
1484257
1481500
1481498
1485075
1481497
1481498
1481522
1481497
1488894
1481498
1485032
1481499
1481497
1497583
1481497
1481498
1611203
1491750
1481498
1481499
1484536
1481497
1481498
1485494
1481498
1481498
1481515
1491963
1481497
1481516
1481497
1487655
1481499
1487702
1481500
1481498
1486979
1481497
1484741
1481498
1481500
1487678
1481497
1481497
1487484
1481497
1486466
1481498
1481497
1492988
1481498
1481498
1485571
1481498
1496621
1481497
1481753
1481498
1487204
1481498
1481497
1487924
1481497
1487784
1481497
1481497
1481778
1489033
1481498
1481498
1489276
1481499
1481497
1485078
1481497
1489726
1447831
1361887
1336123
1333347
1480604
1333348
1376923
1335905
1333347
1479483
1481518
1481498
1484556
1481498
1481497
1494998
1481497
1481497
1487908
1481497
1448294
1371755
1333349
1336343
1333347
1435588
1333350
1348878
1336033
1333347
1450169
1333348
1333349
1360283
1427114
1333348
1333347
1333348
1380998
1407653
1485347
1481497
1494840
1481497
1481498
1485111
1481497
1481497
1487371
1481498
1450736
1380928
1333348
1478330
1333348
1333349
1362300
1333348
1449665
1333349
1729383
1481498
1481498
1484224
1481498
1481499
1487954
1481499
1484204
1481497
1450451
1333350
1333348
1380430
1407339
1333348
1336992
1333348
1399669
1387627
1481514
1481498
1484384
1481500
1481498
1486031
1481497
1485369
1481499
1481497
1440935
1333349
1339974
1333349
1335969
1333347
1333350
1333347
1333348
1342273
1481518
1485311
1481498
1702567
1486413
1481497
1481498
1490462
1481498
1484697
1487454
1481498
1481500
1489967
1481497
1490711
1481498
1481497
1491678
1481497
1481518
1485594
1481497
1488424
1481498
1481497
1485450
1481500
1481498
1488342
1481516
1481497
1484713
1481497
1481497
1493048
1481498
1487541
1481498
1481497
1487982
1481498
1481498
1484186
1481497
1481499
1488775
1481497
1484756
1481498
1481518
1496257
1481499
1481497
1489321
1481498
1481498
1493426
1481498
1486463
1489995
1481498
1481497
1488143
1481498
1481497
1484803
1481497
1490528
1481497
1481519
1481500
1484044
1481498
1492411
1481497
1481498
1484572
1481498
1481497
1492235
1481497
1481499
1484143
1481498
1481497
1484940
1481498
1484096
1481497
1481515
1481498
1484278
1481499
1487434
1481497
1481514
1489607
1481498
1481498
1543121
1488829
1481498
1484624
1481497
1481497
1488043
1481498
1481497
1499547
1496691
1481498
1481497
1484272
1481498
1493581
1481498
1481498
1485932
1481497
1489850
1481498
1481497
1487370
1481500
1490178
1481500
1481497
1488039
1481497
1489741
1481498
1481498
1492098
1481498
1481498
1486871
1481497
1710981
1550302
1620431
1488649
1481500
1481498
1490684
1481497
1760611
1486013
1481497
1736796
1481515
1481497
1484288
1481497
1481500
1489430
1481497
1484493
1481497
1481498
1485828
1481498
1481498
1488651
1481497
1486556
1481498
1481498
1488628
1481499
1486199
1481497
1481498
1492521
1481497
1481498
1485888
1481498
1491700
1481498
1487697
1481497
1481500
1488483
1481500
1488670
1481498
1481497
1487789
1481497
1486291
1481500
1481498
1490772
1481497
1481498
1485785
1481497
1489919
1481498
1481498
1486175
1481498
1481498
1491294
1481497
1481498
1485630
1481498
1488054
1494531
1481498
1486160
1481498
1481498
1491574
1481497
1481498
1586571
1481497
1447580
1343430
1333348
1338774
1333349
1336745
1333348
1333347
1337595
1333348
1481517
1488449
1481499
1485683
1481498
1481498
1488238
1481497
1481499
1489904
1481526
1481498
1496315
1481498
1481498
1488913
1481497
1481498
1483968
1481498
1513671
1491166
1481498
1486258
1481498
1481498
1493114
1481497
1481498
1484090
1487481
1481497
1481498
1484237
1481499
1481499
1489024
1481498
1484159
1481497
1449796
1342371
1333349
1333348
1333348
1333349
1343169
1333348
1338058
1333347
1481520
1481500
1486169
1481497
1484291
1481498
1481498
1486263
1481498
1481498
1481534
1491339
1481498
1481498
1484085
1481498
1492495
1481497
1481497
1491970
1481518
1481497
1489793
1481497
1481498
1488713
1481498
1481498
1484159
1481499
1481891
1487547
1481497
1481498
1484160
1481497
1488489
1481497
1481498
1484313
1489578
1481500
1481498
1488463
1481500
1500450
1481500
1481498
1489864
1481498
1481787
1486486
1481497
1484127
1481498
1481500
1486926
1481498
5039461
5009811
2232106
2239704
2222249
2222246
2238189
2222248
2222248
2228018
2232636
2250140
2228089
2232922
2231996
2251206
2232826
2232146
2228585
2222248
2222246
2222247
2222282
2222257
2222246
2222246
2222246
2222247
2222246
1568617
1490235
1481499
1486084
1489916
1481497
1481498
1485683
1481498
1481498
1489120
1481498
1481498
1481519
1506701
1481498
1481497
1490053
1496968
1481498
1486011
1481497
1481500
1481509
1489093
1481498
1488791
1481497
1481499
1491647
1481498
1481497
1485251
1481498
1800420
1491690
1481497
1481498
1486251
1481499
1491660
1481498
1481497
1481521
1489914
1481498
1481498
1484898
1481498
1490041
1481498
1481498
1484971
1629440
1485423
1481499
1481498
1485760
1481497
1481498
1681843
1481497
1481497
