2524767
2521355
2248794
2260863
2285773
2283720
2305484
2276532
2300579
2370190
2225536
2242209
2240798
2251740
2273409
2238329
2239006
2248173
2255914
2252694
2224114
2229564
2272481
2258323
2248612
2267150
2263409
2264544
2274345
2268059
1906398
1937751
1927305
1939128
1962170
1950975
1960352
1979681
1977549
1967681
1918378
1924495
1923210
1962082
1929169
1927057
1955429
1925795
1931637
1937426
1919287
1926038
1925640
1956220
1933899
1935573
1961259
1949964
1959482
1955291
1918084
1924312
1930851
1923514
1936422
1938908
1949351
1948444
1949244
1950245
1905963
1909594
1906763
1904797
1908473
1909343
1914698
1941177
1936973
1937874
1918345
1923802
1919187
1933923
1930796
1928295
1942460
1927989
1939513
1959124
1911658
1932488
1930414
1953572
1951784
1959771
1983145
1963474
1972409
1970678
1911852
1930955
1964600
1963644
1968969
1958384
1967174
1978474
1978654
1989654
1906179
1911114
1919637
1924931
1959166
1946366
1961635
1956380
1957978
1982238
1906754
1913550
1923031
1938728
1942801
1951464
1944542
1958179
1980832
1963477
1911356
1934847
1926218
1943225
1949263
1944522
1941052
1945857
1957501
1950980
1918288
1942702
1913109
1912434
1925647
1941718
1945750
5062391
5013178
2222263
2222273
2222247
2222337
2222247
2222339
2242475
2235158
2228735
2227132
2237317
2222301
2222339
2222302
2222247
2227319
2230083
2238872
2238485
2229104
2233254
2233397
2244307
2229282
2015938
1905351
1904982
1911255
1919491
1905329
1905523
1909488
1904861
1904782
1904837
1908720
1921804
1904861
1904835
1905144
1913607
1904911
1909961
1923935
1915411
1904784
1904782
1912193
1916618
1905017
1904914
1909051
1911775
1904784
1904956
1904784
1910409
1919192
1905017
1905118
1904912
1904799
1904794
1909967
1916615
1912589
1905064
1904783
1922447
1925426
1914032
1909476
1916287
1918025
1905327
1905158
1923586
1911520
1911637
1904802
1904861
1914345
1904860
1904939
1913550
1913410
1922546
1905168
1904860
1912915
1918321
1913033
1904861
1904938
1913148
1923105
1912043
1904938
1904784
1918894
1911822
1990878
2021345
2045300
2045990
2054160
1978004
2035152
2001599
1905267
1912558
1904840
1905099
1696693
1657232
1483241
1710723
1776392
1481859
1535729
1768117
1904805
1904785
1914521
1913050
1906369
1905254
1904783
1911639
1916051
1904925
1908952
1905017
1905109
1913369
1915645
1920817
1905093
1904782
1919532
1917511
1909192
1915651
1922494
1904937
1905015
1922392
1911685
1909754
1904860
1904941
1908900
1920859
1904863
1904877
1915553
1911576
1919261
1904783
1904877
1911170
1904785
1904782
1916049
1910894
1904862
1905018
1904880
1912629
1909860
1904861
1913623
1909864
1922378
1904783
1905178
1914067
1910312
4960512
1904937
1920875
1909073
1916334
1904785
1905033
1904784
1918732
1911487
1904800
1904862
1904940
1908818
1909907
1904863
1905419
1916886
1911584
1916501
1904784
1904784
1916438
1913483
1904783
1904782
1906047
1922974
1910156
1904861
1905206
1905175
1913022
1904799
1904784
1912320
1925482
1905030
1904861
1904783
1923251
1911727
1904863
1909342
1915255
1920286
1905643
1904861
1922524
1910847
1908969
1904862
1904783
1911861
1916221
1905487
1905494
1904860
1922924
1916686
1904862
1904782
1919518
1904792
1910236
1922150
1904987
1905253
1905095
1920964
1920948
1904799
1905535
1904799
1904937
1924343
1921567
1920358
1905017
1905109
1920215
1915354
1911258
1909089
1922640
1905348
1905017
1904784
1921339
1914806
1905013
1905034
1905171
1909025
1904783
1905267
1913350
1923477
1918650
1905016
1904782
1911139
1920831
1904794
1904784
1926326
1914210
1914889
1905661
1905108
1917030
1919571
1924664
1911902
1911566
1905655
1905092
1905515
1921458
1920868
1905215
1904865
1905262
1904801
1904783
1915325
1923164
1905410
1905328
1904973
1922098
1912970
1905502
1904799
1904784
1906122
1920211
1924408
1905097
1905067
1905091
1921853
1914899
1909076
1905126
1905814
1904861
1916079
1920528
1905068
1905348
1912728
1922095
1910646
1921436
1904862
1904954
1905481
1913743
1921827
1905266
1905570
1905299
1910143
1909948
1905176
1904784
1905017
1922951
1920438
1904876
1905017
1905191
1916516
1912327
1905017
1904955
1904937
1916004
1921645
1904861
1905129
1905093
1915180
1909784
1926023
1904788
1905331
1915308
1918009
1913314
1904976
1904952
1904799
1913294
1929111
1922791
1905163
1905093
1912423
1927974
1913326
1905098
1904799
1904783
1914804
1910991
1905343
1904941
1904939
1915957
1919850
1905191
1904798
1904784
1928134
1912086
1905033
1904860
1904940
1914674
1921628
1905498
1908583
1911947
1926324
1904860
1905347
1914594
1918193
1914676
1905411
1905265
1904800
1913053
1914384
1904877
1905866
1905258
1912208
1943291
1905096
1904956
1904805
1918458
1913377
1904938
1905206
1905113
1914201
1913551
1906111
1906385
1904799
1904783
1905422
1914399
1922053
1905142
1905423
1905356
1920288
1919331
1904805
1904783
1904862
1912479
1916624
1904876
1905449
1905658
1917669
1918622
1909177
1904783
1905346
1904939
1916507
1918940
1905112
1905691
1905017
1914241
1904795
1913217
1912690
1904942
1905479
1905098
1913243
1927454
1906475
1905701
1909269
1917424
1905094
1905125
1905326
1920694
1917796
1905778
1904891
1904996
1904795
1904861
1904861
1912902
1924027
1905205
1904938
1905021
1913611
1919666
1912504
1904782
1905201
1904802
1916321
1913989
1905034
1904783
1905348
1918291
1914315
1912750
1905340
1905095
1904875
1918966
1913477
1905222
1905173
1904954
1904815
1904783
1914967
1912359
1905110
1904951
1905172
1914624
1918567
1905254
1904802
1904782
1927742
1910794
1904862
1906301
1905015
1910894
1916801
1906269
1904798
1904800
1914143
1922854
1905632
1905095
1905097
1928189
1913130
1905188
1904800
1904783
1905250
1911129
1923238
1904879
1905290
1905513
1922238
1916384
1904799
1904784
1904956
1919261
1921431
1904955
1904940
1905111
1920013
1918601
1904801
1904787
1905249
1913444
1927811
1904952
1904939
1905015
1926535
1922180
1904820
1904787
1917352
1911682
1905418
1905098
1904863
1913937
1924830
1905246
1904799
1904938
1905169
1931011
1916656
1904952
1904860
1905171
1922481
1921777
1904801
1920902
1921667
1915591
1905408
1904862
1914269
1912608
1921210
1904957
1904835
1913776
1935393
1905094
1905248
1904878
1918621
1913843
1905224
1905263
1904800
1905017
1905424
1912241
1916214
1905094
1905270
1905584
1911504
1920950
1909267
1920450
1905017
1905018
1905161
1926186
1920179
1904783
1905269
1905145
1916028
1922246
1915383
1904783
1905326
1914742
1911226
1923091
1905266
1905093
1904802
1904940
1915445
1917791
1921338
1905033
1904861
1913574
1921092
1922511
1904799
1905030
1905110
1914810
1914729
1905380
1904800
1905174
1912710
1925670
1911359
1904861
1905187
1904785
1912802
1921817
1905300
1905192
1904784
1912672
1915369
1926212
1915801
1904937
1904941
1913123
1912888
1924786
1905012
1904783
1904799
1904783
1904956
1911662
1926873
1904783
1905017
1905876
1918937
1913246
1914852
1904786
1904940
1912841
1926120
1919108
1904862
1905255
3620066
1906149
1908515
1922968
1923795
1905174
1905114
1912128
1918582
1913872
1905170
1905343
1908869
1904783
1905426
1927495
1921656
1919433
1904992
1905563
1913574
1920173
1904800
1904782
1905263
1911835
1915428
1905016
1905226
1905073
1919287
1922109
1904805
1915461
1915492
1904957
1905092
1904954
1911776
1923442
1905015
1905401
1913692
1904786
1906833
1904938
1922465
1911860
1905098
1905188
1905237
1914072
1904804
1904861
1928296
1912712
1906511
1904940
1905398
1913689
1913569
1905097
1904807
1911549
1914543
1904863
1905521
1905175
1911977
1924550
1904955
1904864
1904801
1904861
1915260
1911325
1905342
1905170
1905362
1920880
1921425
1905028
1904812
1917179
1921456
1904879
1905484
1905751
1913635
1912779
1904939
1905406
1922263
1904783
1904957
1912396
1915038
1921788
1905428
1905524
1913082
1923802
1904798
1914958
1924313
1910599
1904799
1906108
1922869
1919127
1912040
1905034
1904817
1904804
1913659
1927366
1921245
1905219
1904783
1912006
1924371
1911496
1904800
1920098
1913734
1904935
1904954
1905016
1914925
1913032
1904955
1905358
1917685
1912837
1905295
1905032
1904784
1914768
1922370
1904862
1904956
1905095
1904811
1904800
1905989
1911674
1918456
1904953
1905377
1904940
1912728
1926630
