3078456
2868607
2890623
2453672
2236509
2251011
2241591
2234225
2240483
2239402
2234664
2236438
2251621
2240664
2231045
2245626
2238761
2222629
2223216
2222719
2222552
2222789
2224877
2222807
2233435
2238292
2230458
2232019
2243854
2229959
2239914
2239021
2223713
2223065
2223337
2158992
1916477
1911638
1923386
1905232
1915980
1912041
1912084
1904785
1904865
1916666
1912851
1918441
1905319
1904785
1904810
1904877
1914103
1920805
1912333
1904877
1904783
1918327
1917590
1905266
1904813
1904784
1905022
1921466
1912659
1904783
1904940
1904958
1913993
1934514
1917948
1918302
1905034
1904873
1905422
1918284
1918395
1905015
1904941
1905020
1915739
1904787
1904784
1904876
1912477
1919969
1904784
1904862
1905021
1917310
1915131
1920460
1904957
1904862
1905094
1942002
1915684
1904785
1904877
1904939
1904808
1931620
1922813
1912033
1905095
1905087
1919793
1916045
1911558
1905344
1914303
1910996
1905423
1904863
1905254
1912770
1920698
1905018
1904954
1904940
1915812
1918695
1914475
1904953
1905339
1912769
1917819
1918407
1905175
1905377
1904810
1904786
1922367
1911961
1905686
1904938
1905094
1917873
1918086
1905171
1904815
1904786
1913647
1926741
1905348
1905097
1905269
1919532
1912461
1904939
1904807
1919835
1925785
1904876
1905281
1905034
1918574
1918173
1905100
1905262
1909973
1916935
1905020
1905024
1905093
1938250
1910633
1905348
1905245
1905034
1915426
1918347
1904957
1904942
1904863
1914201
1911930
1905112
1905738
1905253
1909796
1904784
1904879
1904785
1910740
1920340
1905345
1904940
1904864
1912015
1909919
1904783
1905201
1904786
1913049
1922844
1905099
1906188
1905018
1911745
1910181
1910632
1904955
1904784
1912404
1922882
1917180
1905500
1905104
1911098
1910151
1910494
1923858
1904940
1905171
1923211
1918053
1925559
1905095
1905349
1904835
1911589
1923438
1905314
1905251
1905184
1919623
1912399
1905718
1905114
1904803
1919906
1923010
1914855
1905097
1905406
1918847
1912521
1917930
1905347
1904798
1920667
1934308
1904864
1905252
1905344
1918199
1912236
1905252
1905316
1904807
1904861
1924332
1911187
1905659
1905251
1905033
1912711
1911552
1904941
1909473
1930331
1905575
1905018
1905034
1913020
1917391
1904939
1905344
1905018
1904797
1904861
1914920
1920756
1904960
1905170
1904865
1924349
1912975
1905030
1904809
1911555
1913892
1904877
1905019
1905613
1911801
1920280
1905110
1905481
1904815
1911030
1914175
1930662
1905459
1905033
1911508
1918776
1930430
1904941
1904893
1911402
1915037
1904878
1905311
1905264
1933610
1918584
1904863
1905097
1924797
1904794
1905096
1905034
1919057
1911521
1905095
1905578
1905407
1912515
1916092
1904862
1904955
1905253
1937814
1912132
1905406
1905475
1904939
1912924
1904810
1912409
1924775
1919989
1905096
1905456
1912987
1918974
1934151
1904956
1910206
1904784
1904955
1922577
1913917
1911317
1905407
1904799
1917718
1928219
1904817
1911892
1923033
1911464
1905660
1905305
1923682
1912935
1912671
1905112
1909562
1904784
1904943
1904955
1910881
1932419
1905266
1905252
1904957
1916867
1904809
1928683
1915076
1905188
1905877
1905109
1923175
1918268
1905255
1905505
1904818
1904785
1914773
1920247
1904939
1905343
1905347
1926763
1925216
1905606
1904810
1917711
1913494
1904862
1905353
1904939
1911126
1919791
1905191
1905252
1909390
1916492
1905269
1905017
1904862
1924424
1912693
1905344
1904863
1905244
1917563
1904785
1904877
1904942
1911898
1919024
1904939
1905331
1905302
1918457
1904801
1921493
1923920
1904941
1905110
1905017
1918234
1919020
1905032
1905983
1909272
1911175
1904879
1904861
1905093
1912757
1922836
1905171
1905114
1905434
1909498
1910848
1904955
1905016
1904942
1921484
1917229
1905034
1905407
1905264
1908863
1911044
1904861
1904785
1924865
1913037
1916052
1905269
1905289
1911264
1904812
1920729
1923293
1904941
1905418
1904941
1917860
1916367
1905327
1905422
1904806
1904778
1913668
1921018
1905035
1905615
1904953
1918838
1912971
1905173
1914385
1905175
1905033
1904861
1909612
1919999
1904957
1905726
1904958
1918217
1914775
1910588
1904802
1904863
1916971
1914543
1913037
1905268
1905250
1910454
1904803
1904785
1906660
1922946
1911005
1904943
1905176
1906027
1913822
1933300
1918714
1904786
1905191
1912281
1911725
1919021
1904861
1905365
1911493
1920109
1916517
1904860
1905263
1912614
1911723
1918127
1905268
1904941
1919761
1919186
1904811
1904862
1928520
1910168
1916394
1904784
1905409
1912815
1912954
1917741
1904804
1911524
1922632
1904784
1904956
1905019
1917036
1918897
1906301
1905467
1904808
1911554
1932556
1904799
1905698
1904940
1918251
1912761
1904862
1905115
1904801
1912490
1922734
1921066
1905269
1905564
1917467
1911889
1917195
1905484
1904803
1904951
1925334
1911237
1905243
1905313
1905481
1913083
1915953
1905997
1909001
1904864
1905408
1904863
1913687
1917732
1905303
1904940
1905331
1918490
1908903
1904785
1904800
1904861
1924294
1919194
1910872
1905436
1905095
1918628
1909250
1904778
1905019
7176248
1904862
1909197
1918203
1905718
1904942
1904862
1914562
1904864
1905270
1904785
1922828
1920332
1905188
1905409
1905270
1912544
1914399
1904863
1905021
1904798
1918303
1919910
1904953
1905281
1905271
1912310
1904806
1904784
1917247
1920490
1905111
1905018
1905033
1912907
1918722
1904940
1904801
1904785
1905095
1921126
1920207
1904954
1905175
1905172
1918415
1917375
1904807
1904784
1905251
1923885
1918714
1905226
1905112
1904940
1919156
1916536
1904804
1904785
1904938
1922228
1919532
1904952
1904783
1905032
1918291
1919378
1904880
1904785
1904955
1920569
1919671
1905173
1905035
1905175
1918786
1913246
1908882
1927918
1913631
1904863
1905016
1918273
1917894
1912470
1905524
1905096
1910515
1916916
1912794
1904957
1905018
1930226
1912806
1915227
1905192
1904939
1909033
1917312
1920866
1904800
1905173
1931837
1913208
1912780
1905251
1905034
1904805
1921893
1914097
1904862
1905015
1904979
1918596
1919608
1905017
1905484
1914238
1912257
1905176
1904953
1904784
1912519
1912187
1905312
1905018
1905034
1904823
1904784
1905637
1911377
1930705
1904862
1905111
1905324
1917846
1914900
1904799
1904785
1923874
1912253
1905506
1905339
1905099
1913226
1921834
1904862
1904800
1904862
1916333
1925207
1919492
1905109
1905229
1912234
1922946
1926281
1909146
1908868
1905034
1904862
1905110
1917552
1916585
1905248
1905107
1905115
1904800
1910889
1932832
1904784
1905306
1905115
1917328
1911532
1905097
1904785
1904806
1912055
1945230
1911519
1905504
1905173
1918176
1912270
1910876
1905096
1904793
1904784
1912787
1938730
1919012
1905019
1905124
1912524
1922280
1912162
1904804
1905097
1915313
1911324
1920066
1904878
1905432
1911930
1922474
1913064
1904806
1904939
1905174
1910777
1918965
1905252
1905019
1905333
1924073
1913286
1904803
1929324
1913049
1904783
1904942
1904955
1912069
1911367
1905174
1904879
1908485
1904785
1905485
5029999
4076083
2358565
2366153
2328667
2227457
2227225
2222278
2222247
2227812
2243269
2227709
2229988
2234159
2227895
2222373
2222248
2222349
2222242
2245505
2228983
2228540
2233640
2233186
2238254
2222332
2222248
2222259
2222341
2227664
2234026
2233251
2230299
2229595
2233534
2222342
2222291
2222260
2222250
2222338
2222250
2222287
2227045
2233615
2231730
2228633
2233422
2227000
2227769
2241629
2222248
2222249
2222378
2222248
2222339
2228158
2237587
2231604
2249009
2227721
2228047
2235109
2227042
2222249
2222371
2222248
2222248
1913462
1909902
1915527
1904868
1904820
1911457
1920354
1910719
1904784
1904867
1632157
1470087
1333349
1412447
1387383
1333394
1480692
1333351
1406400
1397500
1910910
1481539
1557732
1814137
1481545
1507399
1784088
1534957
1481500
1791685
1703586
1488062
1481499
1481503
1486701
1481544
1481500
1491490
1481584
1481542
1699123
1487050
1481499
1481500
1487359
1481499
1481542
1491680
1481580
1481498
1481524
1505670
1790139
1540744
1481578
1802781
1590723
1481498
1723852
1644518
1919870
1481499
1547948
1785041
1481499
1504772
1789991
1542240
1481499
1798279
1692519
1487209
1481495
1481500
1492053
1481499
1496024
1481500
1481626
1490268
1915973
1910247
1914700
1904784
1904821
1908756
1920537
1910936
1806587
1735208
1669023
1333349
1460405
1333349
1425565
1376636
1333350
1469616
1333430
1416866
