165
60
41
41
38
38
38
38
43
38
65
46
38
38
39
37
39
39
38
38
38
38
38
38
38
33
32
33
33
32
38
32
32
33
32
32
33
33
32
32
80
62
39
34
33
33
32
34
33
34
45
33
32
35
40
33
32
32
33
34
44
32
32
32
32
33
32
32
125
32
42
33
32
32
32
33
34
32
32
32
45
45
33
32
32
32
32
32
32
37
45
32
39
33
39
32
34
33
32
32
44
32
32
32
33
32
32
32
34
32
33
32
32
32
33
32
32
32
33
124
41
32
45
32
35
32
33
33
124
34
45
43
32
32
32
32
35
32
36
32
39
33
32
32
33
32
32
33
33
32
39
36
33
32
34
33
129
37
33
129
32
37
33
32
32
33
33
32
35
36
32
33
35
36
32
32
33
33
34
33
42
38
32
32
39
32
32
36
32
32
33
32
36
35
32
32
33
32
32
33
33
33
32
33
33
36
36
32
37
33
33
32
32
32
36
35
32
32
32
32
39
39
32
32
33
37
33
39
32
32
40
32
32
32
35
125
38
33
34
34
42
32
33
34
32
32
33
32
32
33
32
34
36
33
33
32
32
32
33
32
39
32
32
32
33
32
32
33
32
33
39
33
32
33
32
32
33
34
33
32
45
33
33
32
32
32
32
306
32
34
32
32
32
33
34
33
32
33
32
32
33
40
32
32
32
32
32
32
33
32
39
32
32
32
33
35
36
32
35
34
42
33
40
36
33
33
33
34
32
33
45
32
35
126
32
33
33
32
32
32
40
33
32
32
32
36
34
34
35
34
32
32
32
33
34
32
32
32
33
33
32
33
32
33
124
32
32
32
33
33
32
33
33
32
35
33
32
32
33
33
42
33
33
32
33
33
33
32
32
32
41
32
32
33
32
32
32
33
32
33
32
39
37
32
33
32
33
32
33
33
33
32
33
32
36
36
32
32
32
33
42
32
32
36
123
33
32
32
36
35
39
32
33
32
33
32
32
36
36
32
39
32
33
122
32
35
126
33
33
33
32
36
36
32
32
34
36
35
32
32
44
32
33
129
32
33
34
33
127
32
41
32
32
32
34
32
32
40
32
32
44
32
33
34
35
35
32
32
32
32
45
43
39
33
33
33
33
33
32
33
43
32
32
33
32
32
32
33
32
33
57
35
33
32
34
32
32
33
34
33
42
39
32
40
35
34
33
35
35
35
38
32
32
32
32
32
38
32
32
32
40
34
33
32
32
33
33
123
34
33
32
36
36
35
32
32
33
34
33
34
66
39
33
32
33
32
32
33
32
34
32
32
32
33
32
32
33
32
34
33
39
32
33
33
32
32
32
32
35
32
45
32
32
38
32
33
126
42
32
33
45
33
32
33
33
32
32
34
33
33
44
33
33
33
78
53
32
34
33
39
43
32
34
32
36
34
33
35
36
33
43
33
33
33
34
32
44
33
32
43
38
40
33
33
32
33
33
32
33
33
39
33
33
32
33
33
32
36
36
32
43
44
36
32
34
33
33
32
33
34
33
33
32
32
33
32
32
36
32
32
42
39
37
35
35
127
33
36
34
32
39
32
32
32
36
36
33
32
33
32
42
33
32
33
125
32
32
119
32
33
43
32
32
127
38
40
35
32
32
37
43
32
32
33
32
36
32
33
32
34
43
32
32
32
33
32
34
32
32
32
44
40
32
33
33
32
32
32
127
34
32
32
32
36
34
33
32
32
33
33
39
39
40
32
32
32
33
32
32
32
44
40
33
32
33
33
32
131
33
32
42
32
37
32
34
127
33
33
32
32
43
32
33
35
35
32
33
33
32
38
42
34
32
33
34
34
33
33
32
268
79
62
35
32
32
39
32
33
32
32
43
32
39
32
33
32
34
32
32
33
40
45
32
33
32
33
32
125
34
33
43
33
32
32
33
32
32
34
33
38
39
32
32
32
124
35
34
32
32
34
46
34
32
32
35
36
33
32
32
37
32
32
32
33
32
34
36
32
33
34
32
32
34
33
33
32
33
32
33
34
42
32
33
34
36
32
32
36
37
33
43
32
33
33
32
33
36
35
32
32
39
32
32
32
32
33
37
32
34
36
42
32
37
32
39
32
32
33
33
32
39
32
32
32
38
39
33
36
35
32
44
33
32
33
34
33
33
32
32
32
43
32
32
32
127
32
33
33
32
32
32
32
32
32
37
35
35
33
33
32
44
32
33
32
32
133
32
33
33
33
43
43
32
32
33
33
32
32
33
33
48
36
33
36
35
33
33
32
33
32
