77
44
45
38
38
88
39
41
38
36
50
38
38
38
38
38
160
38
38
38
47
47
38
38
38
38
66
38
66
38
50
41
37
37
63
41
60
38
70
38
47
46
38
61
37
172
38
36
48
38
52
41
38
37
38
150
65
148
34
32
51
42
33
35
35
60
32
35
146
32
56
33
32
149
32
32
32
32
32
36
40
32
33
32
33
32
33
32
32
32
58
40
32
32
32
32
32
33
32
32
46
34
33
32
60
37
36
32
32
32
51
40
32
32
32
32
58
32
32
35
40
26
24
33
24
26
25
26
25
25
40
33
33
32
32
32
33
32
33
32
56
32
32
32
32
32
32
32
32
32
43
32
32
34
32
33
32
33
33
32
40
42
35
33
35
33
32
148
32
32
43
26
26
26
35
36
25
24
32
26
42
44
40
24
28
27
32
32
26
25
46
36
32
25
24
26
26
26
24
27
40
40
34
33
59
32
34
34
149
32
42
32
32
32
32
32
32
32
32
57
40
32
34
32
32
32
32
34
35
147
44
32
25
26
25
32
32
25
25
33
43
34
33
34
32
32
33
33
149
33
40
44
35
33
32
32
32
33
145
34
44
35
36
32
33
59
32
32
33
34
32
33
33
33
35
35
32
32
147
32
44
32
32
33
32
33
34
33
34
32
40
32
32
32
35
63
32
32
32
33
45
33
32
34
33
32
32
32
32
146
42
32
32
33
32
32
32
32
35
35
40
32
32
32
33
32
32
32
32
32
43
33
32
33
33
32
32
34
33
149
40
33
32
32
149
36
33
33
33
32
43
32
32
33
33
32
33
32
32
145
40
33
76
54
32
32
32
32
148
33
40
33
33
33
32
33
33
33
32
32
33
33
32
34
32
53
35
32
32
32
51
32
32
33
32
32
33
32
32
34
51
32
33
36
36
32
74
32
32
32
43
32
33
33
33
58
32
34
32
147
45
34
33
32
33
57
32
35
35
152
35
32
33
34
32
60
33
33
32
32
42
33
32
33
33
32
60
33
32
32
33
34
32
34
36
32
34
35
144
33
40
40
32
33
33
32
34
32
33
33
43
32
32
32
32
32
33
36
35
32
40
33
34
32
148
33
32
36
35
89
40
33
33
33
35
35
32
33
32
147
59
32
33
33
35
34
32
32
33
150
43
32
33
33
34
34
33
32
33
34
57
34
33
34
36
35
32
32
33
32
43
42
32
32
32
55
33
32
32
35
43
33
32
32
145
36
35
32
32
153
57
32
32
32
32
32
32
33
146
33
40
33
33
60
32
33
32
32
32
70
57
33
33
32
32
32
33
32
33
33
40
43
36
32
34
35
35
32
32
62
56
36
35
32
33
36
35
148
32
32
42
40
32
34
32
33
32
33
32
32
40
33
33
32
32
83
33
32
32
32
35
26
24
25
25
25
34
32
25
32
44
32
35
35
148
32
32
33
32
148
40
40
32
32
32
32
32
32
63
36
43
34
33
27
28
25
25
28
27
24
42
32
32
33
148
32
32
32
36
145
40
46
32
33
150
32
32
32
35
36
43
32
33
32
32
32
32
32
150
32
32
32
32
34
34
33
32
32
153
32
40
32
33
32
68
32
33
32
32
35
40
32
32
33
32
32
32
32
32
150
40
33
32
32
34
33
32
33
32
35
40
40
40
40
33
32
32
34
32
33
40
33
33
32
34
32
32
36
35
32
42
44
33
32
32
32
32
36
35
32
40
40
40
32
33
36
36
33
32
75
65
32
32
32
33
33
32
32
32
32
57
61
32
33
34
32
64
33
35
35
40
32
33
33
32
57
32
33
33
60
43
32
32
32
32
33
35
35
65
33
44
42
32
33
33
60
33
33
33
32
43
32
32
38
32
32
32
32
33
32
32
32
33
32
146
36
32
33
33
32
43
40
40
33
35
34
33
32
32
34
32
33
32
33
32
34
32
32
32
32
40
40
33
32
32
61
32
32
32
32
42
33
33
32
32
32
32
32
161
32
43
32
33
32
36
35
32
33
148
32
43
32
33
32
32
32
34
32
32
32
52
40
32
32
58
34
32
32
33
32
40
32
33
32
32
147
33
32
32
32
46
43
32
36
36
60
32
35
35
32
44
33
32
32
33
62
32
36
36
32
42
33
32
33
33
64
32
33
32
149
40
33
32
32
32
57
32
33
33
63
44
32
32
32
33
66
33
36
36
33
44
32
32
32
32
32
24
28
28
143
40
33
33
32
148
32
33
32
32
32
43
40
34
33
32
32
32
32
32
33
