98
62
41
41
37
38
38
94
175
39
49
38
87
38
37
163
38
38
38
38
38
37
38
38
38
38
38
39
38
37
43
35
33
32
32
34
35
32
33
32
41
32
32
33
33
32
32
40
33
32
40
40
150
32
32
33
33
33
32
32
32
32
32
35
34
32
33
149
32
35
32
33
32
32
32
153
32
32
32
33
40
33
32
32
32
150
34
32
33
32
38
32
32
32
149
32
33
32
33
32
51
32
33
32
32
32
32
33
153
33
40
32
32
32
150
35
35
32
25
26
40
53
33
33
370
36
36
32
32
32
39
32
39
125
24
24
24
26
25
25
33
33
32
33
150
36
33
32
32
33
40
32
34
152
32
32
32
32
32
32
34
32
32
157
32
45
32
32
32
32
34
32
33
32
32
33
33
32
154
35
33
33
33
40
32
152
33
32
39
32
33
32
32
33
151
34
35
33
34
32
32
34
35
156
33
52
34
34
33
33
32
32
154
32
34
35
33
33
33
33
33
32
151
32
24
25
26
25
26
26
42
32
33
157
33
32
33
66
39
33
34
32
32
32
33
33
156
32
33
33
33
153
32
32
33
32
32
32
32
32
33
32
32
150
32
34
35
32
34
32
70
34
36
35
32
33
32
32
32
32
32
45
32
32
34
36
33
32
32
154
34
33
32
149
32
33
33
32
34
35
25
25
25
151
25
26
26
26
25
25
25
26
26
25
26
26
28
28
150
25
43
32
150
32
32
33
33
32
32
32
32
33
32
153
33
33
32
32
33
32
43
32
32
149
132
53
49
46
39
41
54
96
38
38
38
37
38
37
39
37
51
97
41
42
42
41
41
38
38
37
50
41
41
38
37
38
39
42
41
41
47
37
38
39
38
38
42
41
38
44
50
38
41
40
38
38
41
39
37
38
39
39
39
37
42
41
37
37
28
27
23
22
23
22
22
22
26
26
23
22
22
22
23
23
22
22
22
23
23
22
29
22
22
22
23
22
22
22
24
22
23
22
22
23
22
22
24
23
23
23
23
25
23
24
24
24
27
23
23
24
24
24
24
23
22
24
24
24
25
22
25
25
22
22
22
26
25
24
23
23
22
25
26
24
23
23
22
23
23
22
22
23
23
24
23
22
22
26
22
23
23
22
24
23
23
22
23
23
24
24
26
25
24
25
26
24
25
25
25
25
26
25
27
28
25
26
25
26
27
25
34
26
25
25
25
25
24
25
26
26
26
24
26
26
26
26
25
25
25
28
33
28
25
24
24
25
28
26
26
26
25
27
28
25
26
25
26
26
25
25
25
24
26
26
26
25
28
28
24
25
27
26
25
25
25
24
26
27
28
25
31
25
25
25
25
26
25
26
24
24
44
26
25
26
26
25
25
24
26
25
35
25
24
62
43
26
26
26
26
25
25
28
26
26
26
26
25
25
26
25
24
26
26
26
25
25
24
27
28
26
26
25
26
25
26
28
28
26
26
26
24
26
24
22
23
23
24
24
23
26
24
26
26
26
25
28
27
28
28
26
22
25
22
23
23
23
24
23
22
23
23
23
22
24
24
25
23
23
24
22
24
22
22
24
23
24
23
23
22
24
24
22
24
22
25
22
24
24
23
26
22
25
23
24
23
23
24
22
25
23
37
23
23
22
24
27
24
24
23
23
22
22
22
22
24
23
23
23
24
22
24
24
23
23
22
23
24
24
22
23
22
24
25
24
24
23
24
25
22
23
22
23
23
24
25
22
24
22
23
22
23
22
22
25
25
23
32
22
24
24
23
22
23
22
22
23
23
24
23
23
23
22
22
22
25
25
22
23
23
23
22
23
22
23
23
23
22
22
22
22
22
23
26
22
23
23
22
23
23
25
27
24
23
23
22
23
24
23
22
23
23
26
23
23
24
23
25
22
24
26
22
23
22
24
26
22
24
22
25
22
22
22
22
23
22
22
23
25
22
22
22
22
22
22
33
24
23
22
23
23
31
23
42
23
22
25
22
42
25
23
28
22
23
24
23
23
22
23
22
24
25
22
23
23
23
24
22
22
22
22
22
22
22
26
27
24
26
23
25
27
22
22
22
23
23
22
23
25
24
23
22
22
23
22
23
23
23
22
22
23
24
23
23
22
23
23
23
26
23
23
23
22
23
24
23
22
22
24
22
23
23
23
23
23
23
23
23
24
23
23
24
24
22
23
23
24
22
23
22
22
23
22
23
22
23
24
22
22
22
22
28
23
22
23
22
22
22
25
25
22
29
23
23
24
24
23
24
23
22
24
