135
38
38
38
37
38
38
41
41
38
53
40
38
40
37
38
38
38
41
41
65
38
38
38
38
38
38
38
38
39
61
38
37
38
37
37
39
38
39
41
49
38
38
38
37
38
41
41
22
22
42
30
25
24
28
28
24
26
25
27
49
30
30
25
24
26
24
28
28
25
40
23
22
22
23
23
23
23
23
23
43
36
34
35
25
34
27
33
22
32
40
23
22
37
25
24
34
24
24
24
33
24
24
33
25
59
41
25
26
24
32
25
23
22
24
25
27
22
23
22
31
26
25
25
25
26
24
27
28
25
43
27
32
32
32
24
26
25
32
26
43
32
32
26
24
35
24
22
22
24
40
22
22
22
32
23
25
35
22
22
31
26
32
25
28
26
25
26
25
25
33
26
25
24
25
25
26
27
28
27
36
23
24
24
23
22
22
22
23
22
34
26
26
26
26
26
24
33
25
26
40
30
33
25
26
25
32
32
26
27
40
22
32
22
24
22
22
32
23
25
48
23
22
23
32
22
25
25
22
23
39
24
22
23
22
22
23
22
22
25
40
26
25
25
25
26
25
33
24
25
33
30
24
26
26
25
24
26
26
23
41
25
26
24
26
28
27
26
25
25
36
23
24
24
24
23
25
25
23
23
41
26
27
26
26
27
27
28
25
25
36
24
24
26
22
23
23
25
25
22
31
23
23
23
23
25
26
23
22
23
33
24
22
22
23
22
23
22
26
22
33
25
26
59
31
42
28
26
26
27
31
26
26
24
26
27
26
24
25
24
33
24
25
26
27
26
28
22
24
23
31
23
24
22
23
25
25
23
22
23
43
26
24
25
26
26
25
25
25
26
33
26
25
24
24
25
24
24
26
26
40
24
23
22
22
26
24
22
23
22
40
22
25
24
22
22
24
23
22
23
44
25
26
25
26
25
25
26
27
26
36
22
22
23
24
26
26
24
23
25
40
25
26
26
24
25
26
27
26
25
38
23
22
23
23
23
23
23
22
22
41
25
25
24
27
28
26
26
26
26
39
23
24
24
23
22
23
25
24
22
40
24
26
26
26
26
25
26
28
25
52
28
28
26
28
26
26
28
26
26
30
26
25
28
27
24
26
25
24
28
35
26
26
27
28
34
33
32
28
28
55
25
23
35
26
26
26
25
26
33
41
23
22
24
35
26
23
32
22
26
56
22
23
22
22
23
22
22
23
24
31
25
33
24
32
25
25
40
41
32
57
36
34
36
32
33
25
24
33
36
56
35
34
25
36
23
22
32
22
23
47
26
22
32
24
24
33
22
23
24
44
25
26
28
27
24
25
26
28
27
40
26
26
27
28
26
26
27
28
26
40
26
25
26
25
27
24
27
28
25
43
30
25
26
31
26
28
25
24
26
31
26
24
26
28
27
25
25
26
26
49
28
28
25
25
26
25
25
25
26
41
24
26
24
26
26
26
25
25
26
41
25
24
26
24
26
27
26
26
25
41
25
26
30
26
26
25
26
25
25
28
23
25
26
23
24
24
32
24
25
31
25
24
27
25
24
24
28
27
26
42
26
26
27
27
25
25
24
26
28
43
25
26
27
26
28
28
26
24
28
55
33
32
25
26
25
25
24
25
26
41
28
27
25
24
33
26
25
33
24
40
28
26
27
25
23
23
22
24
24
33
25
26
28
26
25
26
24
25
27
40
26
26
25
26
26
26
25
25
26
44
25
25
30
30
25
24
25
28
28
34
25
26
25
26
24
25
26
24
24
31
24
26
24
24
25
22
22
22
24
30
24
28
27
25
25
25
26
26
25
35
25
24
26
28
24
25
27
27
25
32
30
23
22
22
24
24
23
23
23
30
26
27
28
25
25
24
26
26
25
33
25
24
24
26
25
27
28
26
25
29
23
22
24
23
24
25
22
22
22
43
26
28
28
25
25
26
25
26
24
42
24
22
22
24
24
24
23
22
23
38
24
26
27
27
26
24
26
25
24
40
30
25
25
26
25
25
24
25
26
40
23
24
22
23
22
24
26
24
23
28
24
24
22
23
23
23
24
23
22
36
22
22
22
23
23
22
23
22
24
42
26
26
26
25
26
25
24
26
23
40
33
25
25
26
25
25
25
26
24
43
24
25
25
26
26
26
24
25
25
30
23
23
24
23
25
24
23
22
22
30
23
25
26
22
24
23
23
22
22
29
33
24
27
27
24
26
25
25
26
30
26
24
25
25
24
26
25
41
24
39
23
23
23
24
24
24
22
24
23
30
23
23
24
24
22
22
23
24
22
