116
57
42
43
45
85
46
55
42
47
66
63
43
46
47
123
144
48
46
98
128
110
50
47
38
38
40
44
49
53
61
34
40
52
41
38
48
34
51
41
41
40
40
40
50
33
42
46
44
46
74
85
41
35
38
44
40
38
39
43
40
33
32
44
40
32
41
41
43
33
41
32
42
37
37
34
46
39
40
38
65
40
43
267
38
38
39
42
33
37
274
41
37
42
262
43
38
37
44
43
57
62
52
36
40
37
46
46
48
38
37
45
124
39
42
43
36
38
46
38
45
33
43
36
34
33
266
45
41
38
60
50
40
87
46
37
40
36
33
36
46
59
46
43
36
61
37
262
40
38
52
46
145
39
33
39
36
87
44
33
65
124
32
34
40
39
35
36
275
72
66
47
36
43
259
38
40
38
32
47
72
42
111
44
43
36
45
36
38
34
45
61
37
36
38
40
33
43
112
36
40
38
36
38
40
31
39
34
34
43
51
45
42
32
43
47
37
37
42
42
48
32
35
113
32
38
32
46
37
101
53
37
42
44
41
41
37
35
34
41
56
46
38
34
43
33
37
32
44
38
70
44
35
35
34
39
33
40
40
36
128
40
56
40
40
33
41
36
42
35
125
34
46
36
41
39
40
45
39
40
70
113
44
43
35
35
118
44
53
51
87
60
40
40
262
47
34
99
41
46
69
35
43
36
40
32
33
37
41
41
55
51
45
131
40
93
42
52
35
41
130
47
41
51
40
38
39
83
48
38
133
34
41
42
43
40
34
119
42
44
52
50
38
42
44
38
35
34
33
37
59
40
44
33
42
37
112
35
38
38
122
108
38
43
37
98
38
33
50
44
60
285
60
39
40
41
41
43
36
274
49
39
33
35
40
42
41
40
35
54
58
33
37
31
44
43
35
38
38
43
64
59
33
45
44
266
44
33
46
125
57
49
37
45
40
41
39
51
127
43
58
81
37
33
42
35
33
32
49
39
265
35
36
34
36
263
263
113
36
47
67
274
40
32
133
31
36
41
45
40
42
139
49
102
108
37
38
38
36
43
60
41
41
39
125
38
45
33
89
34
65
42
34
44
40
34
43
40
36
109
51
45
48
44
45
52
40
110
46
32
60
80
60
45
44
34
37
35
108
40
69
54
40
40
37
44
37
99
38
43
54
42
39
48
41
34
48
41
40
37
45
37
261
37
41
39
37
45
44
45
38
286
38
37
36
32
35
47
34
32
79
58
35
50
35
47
43
264
40
44
60
42
59
40
33
45
40
40
45
39
53
40
108
37
39
37
37
51
255
41
115
40
42
31
43
56
45
39
40
42
47
44
140
32
113
40
134
46
41
54
285
46
40
40
46
46
35
38
43
33
60
44
106
36
39
33
112
40
37
34
52
110
44
35
43
36
40
45
35
43
76
59
46
36
42
38
45
43
31
32
41
55
60
41
59
38
45
41
105
45
112
57
38
46
31
32
41
31
32
45
67
47
44
42
269
37
43
40
37
32
61
56
42
32
39
33
41
35
32
40
69
40
55
36
42
40
36
32
39
37
56
36
39
37
37
37
39
61
257
42
55
44
39
40
36
33
45
271
33
34
52
46
40
36
40
34
39
42
45
41
55
40
36
37
137
35
37
51
41
43
116
106
55
43
44
44
38
44
40
36
69
52
36
41
41
39
45
33
43
42
61
35
38
47
32
50
42
100
33
101
41
41
49
48
39
37
40
108
42
41
64
265
42
44
110
38
58
46
47
39
59
37
33
120
35
37
36
42
47
32
45
37
40
39
34
35
43
40
41
269
57
59
128
39
121
37
40
31
44
51
43
43
39
130
38
33
99
36
32
261
56
58
39
42
130
43
84
76
44
41
61
124
32
48
37
32
47
42
40
33
77
52
42
36
32
35
41
42
38
38
46
42
68
38
48
39
44
35
35
32
68
38
37
40
39
42
38
34
266
39
55
38
44
39
36
47
31
32
40
32
51
36
46
97
36
47
42
43
40
263
48
44
34
42
47
33
37
34
39
32
43
33
41
43
36
43
40
35
34
38
48
47
51
56
38
38
36
40
39
40
39
59
110
57
37
40
41
33
32
41
41
40
34
35
39
45
272
34
34
43
54
45
33
43
43
41
40
273
39
42
59
40
43
33
44
38
35
38
35
34
53
104
37
33
36
136
38
35
40
37
111
45
38
38
42
40
45
34
106
40
51
71
84
42
264
44
44
46
110
38
74
46
41
42
56
48
33
46
41
38
70
41
39
32
40
35
52
32
45
281
