2904355
2248655
2234169
2233905
2152751
2148094
2093597
2083219
2060600
1866035
2072449
1962718
1948022
1924183
1962875
1908973
1934627
1965053
1904010
1863657
2024301
1964150
1910053
1943035
1980335
1937451
1987337
1926135
1889834
1923319
1833669
1826376
1806545
1787375
1752899
1763633
1799862
1770914
1723315
1769679
1825255
1812576
1797659
1766789
1776600
1769366
1773869
1792163
1757672
1766117
1822912
1792889
1781925
1765294
1747384
1774931
1761100
1734234
1737659
1796433
1837577
1801312
1784677
1780212
1800808
1774322
1730758
1797231
1778310
1765881
1814084
1813046
1783345
1813564
1834258
1794674
1778961
1789137
1745774
1803652
1813707
1808739
1802562
1763728
1715660
1715946
1724387
1741940
1773765
1770739
1842173
1799568
1779882
1792892
1764081
1711726
1699578
1690014
1654554
1722223
1838938
1799748
1799495
1781902
1798885
1758710
1706653
1713461
1668203
1728827
1845609
1805739
1828384
1806323
1785006
1799988
1749392
1720205
1679772
1780533
1823461
1795282
1794165
1822680
1837050
1779549
1790632
1759212
1751262
1810425
1774905
1832273
1793405
1777374
1840151
1798715
1796662
1757091
1778022
1822502
1833577
1830558
1794394
1751097
1765758
1797188
1740091
1728895
1755787
1732982
1795568
1830471
1780585
1798305
1786210
1787145
1773069
1773084
1753244
1777937
1860702
1781257
1761354
1760148
1747721
1691050
1706726
1720592
1697188
1738720
1834681
1786357
1764535
1747120
1740112
1759401
1717019
1705418
1713490
1768168
1802633
1838174
1773894
1794698
1759014
1783871
1737203
1746187
1717849
1767951
1779947
1840702
1815888
1820836
1814909
1810145
1807630
1796325
1769688
1754632
1828192
1823103
1804300
1791644
1757953
1765728
1727481
1737869
1702927
1717508
1793407
1835177
1823362
1802071
1772848
1770438
1724249
1727681
1704854
1769864
1824000
1807030
1834071
1824272
1824038
1809144
1782555
1786281
1760399
1756654
1819562
1805665
1800318
1779316
1756822
1772286
1759161
1758788
1758877
1733908
1825213
1805777
1761147
1742981
1724324
1731138
1757786
1750068
1739678
1779343
1831838
1798237
1785171
1734096
1763988
1787687
1738544
1732337
1719470
1735542
1845314
1782601
1788406
1764140
1699117
1691933
1692288
1693164
1661159
1710940
1811619
1804060
1774081
1780261
1788451
1753512
1775902
1740910
1726118
1809340
1836759
1788896
1785813
1815768
1758619
1770220
1760148
1714882
1695511
1731368
1806313
1839515
1816552
1820981
1802480
1768498
1758529
1744055
1708632
1763714
1816764
1779335
1806918
1800634
1752609
1810425
1772817
1782989
1753422
1794323
1803209
1837851
1812933
1832934
1771648
1787637
1751908
1746647
1748070
1730649
1800117
1779402
1806819
1841492
1821350
1784345
1790290
1787337
1764564
1742722
1805558
1832976
1801494
1790083
1737336
1780088
1767312
1750108
1768189
1739781
1819792
1772506
1775677
1792797
1776154
1765984
1776767
1754209
1730308
1788936
1828320
1821902
1813110
1806250
1747121
1768287
1699264
1690159
1654262
1737344
1854636
1789220
1767665
1775159
1749136
1766820
1795194
1776988
1721758
1764703
1810064
1816308
1780826
1773742
1748455
1722499
1735537
1731034
1710230
1734691
1820548
1814758
1802242
1767271
1734577
1708950
1705097
1661909
1644142
1698847
1838241
1795528
1821388
1801779
1790171
1780717
1764756
1735353
1686570
1745053
1832023
1813361
1787079
1783486
1776196
1764290
1748852
1726580
1690073
1706864
1833545
1818195
1823411
1822881
1805892
1788991
1756315
1699650
1693490
1735224
1802552
1823648
1789914
1778303
1768129
1769438
1742414
1737018
1765993
1764042
1827702
1830724
1816585
1793319
1749853
1724328
1707465
1696671
1650847
1732074
1822931
1856902
1819542
1819687
1830439
1780841
1738379
1743454
1736394
1741557
1829838
1823456
1772571
1748248
1767743
1745378
1742900
1706518
1720323
1751892
1815890
1844091
1794671
1810773
1750713
1761300
1747854
1727069
1701491
1741812
1827289
1809053
1822313
1821015
1796906
1779188
1711653
1711455
1719351
1748185
1844128
1834604
1785363
1760769
1742571
1778191
1762318
1739734
1757964
1764479
1826736
1812155
1799752
1792103
1765227
1774641
1757106
1716321
1714063
1703068
1816956
1763229
1827961
1758036
1784825
1563223
1707729
1677795
1667005
1738693
1821437
1798022
1785363
1772079
1773285
1760489
1784379
1741792
1805556
1791146
1820180
1761274
1757303
1805537
1772454
1762764
1740449
1703188
1768865
1749589
1776646
1796376
1807090
1774380
1774921
1751812
1743773
1772016
1731495
1738907
1769264
1768891
1814906
1767726
1777613
1701445
1723905
1727381
1706530
1769066
1811110
1802143
1776981
1773768
1785456
1786605
1762302
1749158
1759498
1721529
1763594
1773876
1788689
1836833
1775549
1767137
1753686
1759634
1762691
1768784
1801746
1780501
1791712
1765184
1790797
1738564
1706582
1716179
1734749
1758815
1804984
1782460
1762147
1784334
1709660
1768424
1751437
1726881
1757985
1724072
1800198
1811830
1799619
1774428
1748093
1728706
1734199
1749543
1734318
1755772
1811514
1730455
1759924
1773835
1784569
1769043
1744679
1720659
1699388
1754695
1808827
1809967
1767826
1760152
1781323
1761502
1767878
1763940
1779873
1772167
1800429
1760043
1765654
1768883
1721062
1745464
1711686
1702526
1692227
1727236
1796286
1790337
1771075
1794945
1737659
1806250
1758144
1717234
1720653
1781626
1797606
1793929
1773242
1789936
1723405
1759060
1724983
1734171
1672161
1718111
1768175
1788912
1746692
1754888
1740639
1714405
1668274
1677849
1704889
1717944
1778811
1780983
1726799
1759757
1755855
1760629
1739047
1729598
1725044
1728564
1786633
1771190
1751859
1700969
1746909
1729305
1735387
1741916
1732398
1803217
1795744
1785240
1763245
1761852
1741538
1757312
1761781
1757823
1736059
1718456
1771229
1776075
1774573
1729700
1731967
1750357
1736113
1711563
1711947
1728194
1797527
1737031
1762669
1729475
1741280
1710159
1665868
1697619
1721102
1725026
1763314
1756498
1799564
1741368
1737017
1702262
1753659
1714907
1705581
1743835
1767276
1788277
1770724
1741337
1749160
1753263
1728878
1712181
1748795
1758536
1771669
1745510
1758247
1765554
1780313
1794310
1713339
1784585
1764870
1763957
1791174
1755958
1780759
1753951
1734006
1726082
1735020
1717632
1683457
1679189
1796267
1790799
1750957
1733204
1774317
1759145
1744163
1718979
1745728
1729869
1760897
1781699
1785101
1754451
1801507
1782209
1759188
1780581
1769527
1773605
1802902
1762398
1779816
1768874
1733087
1731079
1742653
1750499
1748875
1707742
1766579
1803383
1799717
1811262
1798987
1724187
1716777
1721794
1704198
1773270
1747823
1811954
1732483
1739571
1750318
1751804
1702537
1708965
1712080
1791494
1753968
1764976
1787858
1778813
1776043
1791826
1752476
1774533
1728512
1756185
1788798
1795638
1760785
1734101
1723929
1705551
1691955
1661231
1636025
1683199
1760152
1760776
1774737
1716076
1710626
1722433
1757962
1722117
1713039
1761447
1788454
1733437
1762638
1722180
1728574
1711253
1714975
1663215
1656012
1663797
1791982
1766688
1708933
1746649
1729069
1744744
1719832
1700768
1673421
1731543
1774736
1712026
1753091
1741768
1817828
1810928
1777634
1719837
1732116
1699095
1780090
1744107
1729967
1751284
1741198
1717575
1741397
1725755
1724465
1744722
1801431
1753599
1766809
1721570
1721973
1701758
1718344
1782087
1767338
1774402
1771885
1810216
1777783
1751438
1764753
1750997
1765750
1719013
1738053
1710969
1790884
1773652
1768790
1704012
1716802
1701174
1726444
1689480
1709072
1722077
1748340
1758237
1809922
1768916
1739429
1771659
1758792
1756497
1698357
1765166
1768967
1754150
1725936
1724512
1702171
1716288
1726356
1737989
1690934
1751394
1784942
1799776
1741955
1781823
1689608
1735270
1692614
1678431
1668565
1689809
1806543
1762225
1723405
1734513
1713740
1715602
1705229
1665182
1658343
1702464
1736260
1756028
1732715
1731021
1743955
1803303
1762101
1791324
1778722
1794006
1767453
1766839
1764527
1744158
1728456
1710304
1727464
1693982
1688827
1692894
1742543
1737052
1770907
1795260
1760587
1771443
1774580
1733609
1752786
1740323
1773303
1725645
1782541
1775046
1768630
1747338
1724247
1726907
1717002
1733885
1759754
1762902
1748769
1781163
1747124
1756926
1790382
1695842
1748452
1738365
1786399
1768673
1738566
1732054
1698426
1743098
1722249
1696081
1658863
1707996
