1662868
1655005
1658660
1548225
1539828
1537081
1532665
1544136
1535859
1553652
1486028
1494110
1503762
1471747
1456229
1436531
1431922
1436452
1412220
1424194
1389065
1376545
1387156
1395036
1372413
1372823
1374321
1375552
1373457
1367812
1372711
1372250
1384826
1374987
1368254
1366339
1382787
1365944
1360542
1359408
1380995
1355087
1353699
1349386
1354794
1360227
1373699
1360548
1344193
1339812
1366532
1216336
1215149
1220455
1222143
1227412
1210366
1217629
1215489
1226959
1231721
1225325
1226406
1230161
1232646
1244048
1224493
1225625
1231742
1223981
1233625
1230176
1227493
1234136
1229354
1225107
1237148
1226538
1228482
1226467
1228332
1232595
1240860
1230497
1226796
1221759
1244440
1223978
1226775
1230075
1225426
1222119
1239617
1236072
1227534
1234371
1223627
1225689
1217769
1228253
1223908
1236115
1219900
1229301
1226986
1243139
1222181
1225977
1220001
1222802
1226075
1224345
1231581
1228427
1244203
1237961
1217728
1228245
1224245
1235041
1224229
1228388
1233849
1227465
1233283
1223327
1225412
1219874
1220546
1236369
1223108
1232409
1232723
1237300
1225008
1224984
1225452
1219713
1227908
1221474
1223322
1224820
1237798
1234888
1226438
1219671
1223683
1233531
1216871
1223901
1225677
1229178
1222892
1233587
1225297
1226882
1230613
1226365
1223173
1229579
1232378
1226276
1229682
1228760
1229289
1240962
1219229
1229014
1220232
1219066
1222072
1223482
1224953
1232520
1224697
1226164
1223872
1229526
1219496
1223641
1222909
1223803
1224387
1238294
1227653
1222724
1217602
1219819
1225526
1219465
1223194
1223235
1227070
1238668
1225367
1221539
1216718
1234856
1224204
1225518
1222333
1224775
1230600
1235424
1232902
1224197
1217828
1230496
1226434
1222759
1223323
1225357
1232709
1230981
1224373
1220739
1218872
1226913
1221261
1221397
1220911
1221221
1229672
1244278
1225322
1221901
1217487
1236083
1233470
1224842
1223728
1221153
1226599
1232378
1238348
1221232
1222123
1230049
1224516
1236818
1230516
1233756
1225362
1223777
1225034
1229968
1220221
1222977
1219369
1221041
1222960
1224602
1233509
1234715
1229771
1221679
1219716
1225099
1236545
1218780
1219133
1222636
1226680
1229833
1225031
1220076
1216611
1228130
1233783
1216242
1222660
1223102
1227951
1233925
1249481
1222421
1217045
1220857
1232730
1220410
1222340
1221805
1224519
1232034
1236293
1223634
1220030
1225152
1232349
1227273
1227156
1226286
1223314
1234153
1252760
1228972
1219634
1223716
1221531
1225523
1230706
1221237
1222086
1232480
1246519
1224538
1222978
1224263
1223393
1224388
1230427
1227320
1225710
1235351
1228193
1233180
1221947
1226711
1218283
1222444
1220915
1229151
1223002
1236812
1219328
1217785
1226216
1225538
1220821
1222894
1225623
1222981
1231833
1245561
1220984
1219639
1224549
1232669
1218679
1219186
1229688
1223538
1225723
1230685
1234637
1218293
1221479
1225264
1221115
1224924
1219094
1226120
1241938
1227955
1227233
1214939
1231164
1231083
1225214
1220009
1226098
1225850
1225657
1229700
1237093
1219209
1224636
1223936
1220012
1234802
1226626
1222910
1225259
1232343
1233246
1233113
1216924
1225985
1218730
1233357
1222344
1231120
1231916
1229202
1231303
1221848
1224038
1226074
1215842
1220674
1222061
1246850
1230748
1230690
1231819
1223956
5594804
1233257
1214823
1222400
1222922
1220314
1223554
1255988
1231200
1219512
1214716
1223611
1236237
1221408
1219479
1233340
1232036
1230973
1223908
1220346
1229433
1225383
1220859
1223782
1226441
1223638
1230372
1240290
1246035
1230786
1220892
1221209
1241014
1222576
1225975
1249129
1229856
1228319
1230088
1223127
1231998
1219136
1221851
1220529
1229369
1241626
1219637
1227711
1229463
1238792
1220959
1221418
1223203
1219963
1228227
1243549
1232426
1228571
1231387
1243254
1227357
1226975
1224054
1218684
1230667
1236273
1223575
1227480
1229504
1232161
1227617
1224287
1228832
1222754
1223867
1223728
1246690
1226719
1232108
1219792
1222293
1227627
1223817
1220918
1226281
1224408
1246625
1231290
1228157
1225769
1218061
1228359
1222592
1220988
1224070
1231410
1234343
1237397
1226054
1218608
1228174
1231026
1219571
1223548
1224662
1237975
1223442
1230064
1221495
1240481
1229344
1219626
1220274
1217803
1222901
1244747
1228135
1231388
1228948
1222772
1228379
1222578
1229407
1226086
1222133
1241551
1234738
1234139
1235177
1220080
1226554
1223595
1226318
1219117
1220381
1227955
1227587
1246729
1228140
1219752
1232566
1235719
1224789
1218286
1222436
1229287
1234981
1230516
1230465
1219416
1226763
1236894
1222294
1223210
1227478
1224538
1223072
1229845
1243573
1217572
1223210
1220826
1221019
1227758
1227835
1235881
1223327
1232312
1220871
1218104
1239800
1222618
1219060
1224965
1235730
1219407
1216412
1233845
1224603
1238926
1216751
1226972
1219321
1229354
1226677
1237683
1224029
1236506
1225534
1223595
1229703
1224753
1220811
1221816
1229299
1223835
1233546
1238630
1227638
1219897
1220562
1237518
1237142
1227593
1237208
1224674
1222968
1237639
1241196
1223191
1221294
1222181
1218625
1228818
1221740
1225167
1227949
1234259
1226826
1227723
1227763
1227675
1218175
1219890
1230523
1229540
1223048
1231007
1228308
1227245
1228732
1222135
1218191
1223616
1220703
1217615
1225395
1242405
1223203
1217882
1216188
1239270
1041661
1037817
1224748
1224748
1224513
1225699
1237527
1224634
1220728
1218024
1224953
1228831
1220719
1224479
1222687
1249631
1223919
1223856
1223411
1225346
1235123
1221650
1223978
1224206
1224490
1229631
1235109
1221777
1225936
1219966
1220350
1241949
1225383
1225692
1223916
1244098
1241632
1219451
1221158
1223878
1238585
1228245
1228465
1229147
1223116
1231451
1178223
1056424
1036310
1206174
1044248
1043195
1223416
1229112
1222457
1246550
1229104
1040672
1223073
1243272
1045254
1043183
1219880
1223302
1220775
1231415
1223840
1219157
1236588
1225461
1222421
1219136
1238151
1224757
1229637
1228815
1236704
1240595
1043696
1116194
1050461
1040377
1224484
1223092
1231633
1228945
1223822
1227909
1229319
1232720
1221272
1216251
1230471
1222349
1225942
1226636
1237262
1230793
1219022
1221068
1217503
1233287
1230022
1223781
1222604
1227195
1242996
1220436
1218131
1224433
1226851
1237734
1234147
1228140
1222447
1231669
1224722
1227810
1230022
1224870
1218738
1218877
1232817
1231036
1232494
1227995
1225289
1219022
1240563
1221595
1220837
1221655
1226582
1229849
1241633
1226778
1224488
1219025
1222025
1228762
1219492
1218234
1241945
1225741
1222745
1229578
1243870
1226173
1222067
1221810
1222146
1224578
1235696
1230454
1221695
1229173
1225668
1234061
1216283
1228455
1220931
1225955
1224896
1243734
1227480
1230854
1223569
1222264
1228554
1221806
1223965
1220592
1224627
1233452
1227574
1230454
1220323
1225391
1235985
1240256
1224248
1216834
1221195
1224356
1240133
1240358
1220409
1221338
1221309
1237069
1224895
1222625
1224397
1234530
1232460
1237037
1222794
1224758
1225819
1228731
1228741
1219088
1227703
1229601
1229797
1229038
1236105
1217707
1221220
1222253
1223390
1230860
1216814
1217639
1241090
1241144
1223378
1219449
1217608
1234138
1246725
1217716
1224691
1228138
1223184
1232833
1223946
1237773
1219566
1229648
1224591
1221597
1232559
1223820
1225411
1232588
1226466
1235081
1232143
1222922
1224741
1222374
1228642
1230809
1230591
1230114
1220075
1224002
1235365
1231923
1218143
1227331
1226089
1221398
1232499
1241584
1224348
1218656
1218787
1230893
1218883
1220152
1224379
1227921
1219017
1242507
1225842
1220053
1221383
1223589
1227431
1224576
1231520
1224381
1220317
1227688
1233539
1239635
1221772
1221976
1219944
1239530
1236730
1229477
1220460
1230104
1237797
1235408
1222826
1221684
1219847
1236252
1231248
1225197
1229800
1224459
1236334
1233262
1219578
1219838
1219727
1235741
1232733
1228309
1218460
1230873
1224928
1232718
1220232
1221231
1219640
1233470
1226541
1228366
1226658
1228208
1224250
1236339
1222268
1218788
1223267
1217205
1224410
1238710
1223982
1229807
1225002
1242551
1238109
1222173
1220862
1220494
1229514
1238917
1228993
1227364
1224220
1238035
1224414
1222709
1221758
1217718
1219242
1231945
1222352
1229340
1225962
1225751
1233305
1220265
1220890
1217004
1224285
1226562
1228694
1230996
1224819
1220840
1224779
1229800
1221491
1222944
