2496022
1521799
1522093
1530497
1533830
1526794
1532490
1527040
1537245
1540484
1504386
1483264
1482693
1480230
1448456
1459243
1469042
1450902
1451777
1432811
1409320
1379179
1383696
1382258
1366606
1371765
1379470
1395069
1375654
1385291
1230276
1228366
1235743
1232740
1232550
1229894
1229457
1235993
1228582
1229885
1050367
1173974
1058873
1050817
1051271
1062803
1049405
1050607
1047034
1057065
1240386
1229498
1230351
1226705
1245854
1236286
1232659
1229103
1227568
1241279
1050619
1050192
1052452
1048418
1048823
1050934
1046815
1058825
1048477
1083402
1228200
1228053
1226987
1237607
1227199
1227792
1233053
1145472
1045797
1081816
1231891
1228017
1242433
1233513
1228826
1229842
1229906
1163569
1056188
1044809
1048171
1046557
1046761
1047750
1052322
1050862
1053777
1062185
1050545
1046060
1058030
1044307
1039812
1040586
1040295
1051545
1049299
1046535
1049753
1074095
1038207
1186424
1046910
1045139
1039481
1042982
1043037
1047653
1043547
1121666
1049737
1039858
1042981
1045035
1040375
1054047
1047678
1043967
1059576
1046762
1047523
1041383
1042224
1044939
1038594
1052339
1046572
1042252
1056867
1080102
1219561
1222258
1219711
1225301
1243389
1223804
1220754
1227356
1052205
1078536
1043924
1039345
1044857
1039755
1045619
1039977
1046091
1051888
1044984
1046432
1055225
1038325
1040853
1041071
1043099
1052203
1042669
1042583
1050709
1045295
1226908
1219707
1220858
1222503
1223775
1230987
1222820
1226307
1222152
1253758
1230361
1225212
1226227
1223521
1222121
1230074
1220385
1145483
1037511
1042453
1042926
1047048
1043060
1035612
1038716
1042150
1042877
1044407
1039245
1110944
1057600
1035253
1042116
1039173
1041268
1043874
1036995
1045713
1046030
1047637
1044672
1036142
1046088
1035203
1043054
1052767
1037508
1042847
1037281
1046061
1043385
1041341
1048484
1036114
1041841
1055018
1035722
1044615
1043834
1045090
1046175
1047242
1043072
1038278
1043537
1037276
1043443
1051836
1046196
1046432
1223563
1231708
1234670
1222992
1218450
1223020
1229286
1220961
1042861
1041466
1050995
1042530
1210784
1045630
1038641
1040662
1044139
1039008
1055735
1103798
1222589
1224194
1222738
1232899
1224675
1223794
1223326
1222405
1050172
1041510
1229670
1233474
1220973
1222384
1225402
1223025
1242815
1219385
1047476
1047906
1218046
1239806
1220684
1226226
1223373
1218033
1236056
1222921
1225270
1233632
1222830
1231851
1232503
1239726
1228984
1220923
1225668
1227268
1236174
1228439
1044917
1040132
1033919
1045527
1038349
1047319
1054551
1044646
1044413
1043926
1044342
1037311
1040133
1043388
1039224
1040109
1038811
1042219
1051015
1071497
1041043
1040676
1049577
1038772
1042082
1048609
1039674
1043113
1045055
1073657
1221710
1219867
1217145
1223441
1220460
1217954
1221410
1217283
1051627
1039290
1037599
1045903
1037512
1042602
1045381
1038933
1044266
1053032
1047187
1040678
1217974
1221647
1217940
1227851
1225110
1217240
1231065
1222870
1051101
1035705
1037372
1039873
1046518
1039512
1034821
1043708
1039669
1050824
1041129
1084361
1036257
1042698
1039106
1042273
1036877
1043236
1041392
1052454
1044458
1062180
1036333
1043316
1047138
1039060
1040264
1041264
1039063
1048661
1047659
1076735
1042019
1039441
1042909
1036784
1040380
1041571
1044652
1053272
1042601
1070493
1045490
1042999
1039380
1040421
1032509
1042748
1047332
1045143
1040177
1045851
1036844
1044495
1040585
1031372
1043177
1040504
1041855
1046412
1038629
1103998
1224731
1222597
1225310
1224117
1216065
1229999
1228136
1230860
1219368
1222561
1042127
1036999
1051946
1030614
1040038
1041839
1042067
1041743
1047995
1043026
1051377
1038094
1041399
1039343
1041690
1054287
1033164
1046715
1043782
1073198
1043595
1034102
1045944
1040220
1041358
1038746
1041414
1052774
1038041
1076239
1228342
1217054
1238359
1228623
1220979
1218405
1219945
1243696
980357
997053
1221563
1217878
1233942
1229297
1221719
1219113
1224159
1230390
1038551
1043667
1041441
1048246
1038704
1037163
1047205
1039240
1043372
1039180
1043712
1062722
980438
1001998
977035
979737
976136
977432
990217
978069
989148
994665
1037764
1048351
1037223
1038186
1044600
1141730
1282280
1078031
1027126
1030303
1035156
1037239
1037981
1039566
1052833
1034818
1040257
1044990
1043847
1069110
1218247
1224233
1218957
1222370
1237146
1216666
1223712
1222199
1055998
1065112
1036039
1042224
1041647
1037844
1035635
1055388
1035714
1045708
1047603
1036542
1039083
1041259
1180919
1039859
1035650
1053911
1044239
1035464
1049073
1114595
1038208
1039306
1041607
1038084
1040104
1054408
1035394
1043859
1054275
1038081
1037440
1040615
1044509
1038549
1042161
1053524
1041993
1043405
1041646
1083463
1222904
1220316
1231232
1225872
1217551
1217615
1216001
1235774
1221029
1228149
1042349
1048060
1043496
1031189
1045010
1046540
1037038
1053026
1035270
1069641
1036497
1035131
1045744
1038568
1035693
1052113
1035828
1044100
1043703
1044622
1224331
1213545
1225392
1217854
1231632
1222196
1219121
1223922
1223893
1232233
1221749
1214035
1220552
1224162
1234034
1220963
1217428
1224623
1231861
1229698
1221637
1216379
1223637
1235889
1215876
1221942
1221211
1226221
1233245
1224658
1225395
1218371
1219971
1228560
1223088
1223094
1222012
1234409
1226701
1225906
1226187
1211321
1222255
1213932
1221352
1223286
1216662
1221201
1219753
1232849
1228382
1226011
1216884
1219442
1219226
1225674
1224137
1217125
1223482
1228206
1219412
1234049
1218947
1216373
1223812
1217203
1240866
1038571
1041738
1040561
1223235
1229298
1217670
1224104
1221295
1232389
1228408
1217940
1227385
1230805
1220055
1242459
1221391
1222928
1222001
1227762
1231111
1218447
1225314
1227987
1224619
1231208
1219846
1223910
1219466
1234204
1224839
1219037
1221509
1231213
1229920
1223486
1218634
1222077
1228653
1227772
1221154
1218106
1225440
1250507
1229982
1223822
1217923
1221523
1231762
1229516
1224129
1222934
1220935
1244927
1233166
1219872
1222462
1218691
1226500
1228651
1224743
1228115
1224423
1253759
1225172
1221934
1225455
1224287
1232774
1221625
1219057
1223176
1229651
1248968
1221635
1222382
1228337
1215438
1218838
1221323
1225853
1241063
1035424
1070222
1240270
1219602
1218939
1221252
1216863
1226765
1223753
1222694
1039007
1049331
1051906
1034836
1042198
1039841
1036331
1040791
1034852
1044294
1043472
1083690
1041709
1034676
1051176
1031388
1038701
1040901
1034272
1045851
1039293
1043114
1040213
1034942
1050329
1033896
1040984
1044646
1042824
1043051
1050154
1078288
1226464
1218787
1223185
1220317
1217226
1229254
1219729
1218967
1038727
1057667
1037317
1039047
1039934
1039346
1037193
1038926
1064119
1036407
1042191
1075116
1038507
1037951
1038715
1042541
1035688
1038482
1050991
1040248
1043789
1069269
1044937
1039790
1071800
1039515
1038324
1036624
1050384
1036226
1041120
1174512
1034146
1044104
1037212
1034340
1035131
1045971
1043911
1043076
1048209
1061494
1034273
1043013
1060883
1038809
1039447
1040470
1038554
1036582
1050281
1072353
1215004
1223641
1217761
1228398
1219685
1219906
1220543
1220766
1049037
1065833
1033466
1039008
1035204
1039957
1039375
1041842
1034880
1048139
1042521
1067898
2405920
1664634
1654062
1422246
1375709
1372266
1378758
1365660
1370612
1368521
1375143
1366421
1378534
1365007
1365002
1373459
1366824
1358822
1359631
1355990
1359154
1355352
1360489
1363980
1380074
1363086
1366034
1355922
1354572
1358220
1359669
1358784
1357784
1360819
1369200
1360974
1371336
1356978
1359906
1356669
1359907
1357596
1355830
1362111
1360072
1371947
1364958
1363491
1360924
1358843
1359848
1358673
1361121
1359020
1362697
1357201
1366436
1368068
979402
979840
1003163
963515
961325
959800
993745
991066
959506
1032787
957042
959994
962152
1004750
959180
959151
1020398
961829
1010452
959403
958314
1019417
964821
983949
999251
956891
1018228
959609
983048
989793
962617
969205
959249
1017835
987055
960350
965844
957400
999378
959770
961900
1029540
1011988
958660
1015575
962716
960464
1001979
959589
1025898
958817
973215
962515
993504
992285
960582
963413
959059
1000279
961837
960373
1027417
1023580
1023147
1024337
1023291
1028657
1022360
1026260
1100519
1025198
1022943
