1907640
1835312
1840709
1555105
1572725
1530418
1533783
1540766
1503298
1566219
1414345
1442131
1412747
1406695
1398086
1398600
1385844
1411362
1390878
1413197
1398703
1436006
1398281
1383309
1412700
1395356
1393251
1379051
1381073
1374598
1387381
1383830
1379992
1361255
1392083
1231918
1235447
1246517
1227979
1218709
1244084
1253559
1253667
1264761
1242063
1247050
1252570
1240526
1256268
1242470
1265027
1257863
1245308
1243390
1241326
1250799
1241107
1235712
1240373
1247679
1240352
1272486
1243111
1253482
1238218
1251736
1257031
1239697
1238750
1243070
1250733
1248396
1264700
1261523
1234791
1245858
1231788
1249609
1256836
1234828
1243013
1261350
1267669
1241782
1235695
1237491
1256221
1247679
1231586
1236466
1241872
1254498
1247779
1252346
1239796
1235121
1239367
1230943
1260378
1235435
1236517
1242911
1234766
1242825
1243659
1239302
1237898
1240814
1232969
1261293
1251653
1248393
1271991
1248251
1257944
1242665
1247463
1246869
1270847
1235222
1236836
1258537
1244494
1273141
1242463
1249610
1243618
1238169
1255618
1244751
1264688
1261336
1244840
1246384
1262762
1255841
1240083
1240394
1239596
1263250
1257235
1248723
1258287
1252665
1255100
1259059
1242386
1254246
1238336
1266421
1240343
1256372
1247489
1269425
1258537
1250319
1247042
1242925
1247417
1264275
1243693
1256279
1250382
1265443
1249149
1244192
1235711
1257496
1257782
1239393
1245161
1248627
1260789
1281222
1248600
1243440
1247266
1267153
1247414
1244426
1246642
1277521
1260992
1246529
1237228
1246984
1258813
1261773
1237001
1240862
1248253
1265791
1270610
1246865
1248627
1249294
1256606
1254755
1249132
1248897
1247019
1252380
1272221
1251368
1246532
1239291
1247398
1257422
1241279
1246669
1246876
1257363
1246718
1258322
1237510
1244610
1258495
1238939
1249915
1245428
1239173
1253319
1246671
1266433
1252347
1251003
1238583
1246461
1270314
1254578
1243473
1252810
1242139
1243694
1248336
1249427
1241374
1244708
1240501
1255360
1245607
1257284
1243948
1260198
1249315
1246796
1243530
1240723
1264783
1253010
1260973
1252184
1243895
1250244
1270149
1266290
1242624
1241590
1249747
1266786
1241939
1255438
1260453
1268461
1246282
1248058
1244658
1253300
1255761
1242468
1262430
1266658
1246432
1245625
1250879
1260408
1242656
1247401
1257422
1261926
1238699
1252166
1242805
1264338
1264110
1252907
1243171
1242328
1254199
1260779
1242557
1258838
1246691
1244268
1249785
1254113
1242273
1245602
1238552
1248552
1245347
1252819
1246931
1262619
1254632
1246388
1238842
1253836
1252594
1252958
1245966
1269438
1268525
1254044
1241294
1253367
1263652
1258185
1239156
1240468
1249215
1264988
1261810
1245057
1241837
1243860
1256038
1254926
1241515
1247668
1247634
1260517
1252203
1242287
1267057
1246525
1241408
1247641
1244684
1251142
1246090
1276375
1240531
1251987
1239519
1238121
1266717
1247653
1236327
1238307
1244873
1261059
1249606
1254541
1264656
1241892
1243767
1240361
1243695
1257501
1240851
1278010
1259609
1248140
1243800
1246623
1251782
1258034
1247355
1246873
1244561
1256265
1239075
1263764
1260978
1242993
1237171
1246830
1264004
1258610
1250482
1257420
1243907
1267606
1253788
1257128
1245501
1247878
1232821
1247938
1251023
1252926
1242029
1261899
1256082
1243481
1242456
1241788
1254498
1265214
1246671
1251331
1256906
1258274
1253908
1250675
1249733
1254546
1261160
1245655
1251384
1279524
1263959
1253835
1244274
1248166
1254198
1270249
1247613
1248968
1250087
1254806
1243892
1255469
1261004
1245264
1244848
1246949
1269445
1257353
1245833
1246246
1274996
1262370
1244041
1248741
1247127
1262029
1246576
1254876
1241780
1253443
1264629
1252984
1253719
1253725
1238783
1261179
1249323
1240851
1240602
1252234
1271040
1246503
1242626
1248822
1245890
1253070
1244614
1248719
1246032
1250083
1250467
1259043
1252659
1248606
1248235
1245875
1253115
1252454
1247755
1253510
1244110
1249612
1257730
1260169
1249550
1247163
1242739
1257734
1246965
1263619
1253844
1247295
1255372
1253257
1257701
1263090
1252661
1239686
1250551
1250439
1256076
1251923
1243317
1248384
1249643
1254048
1248492
1240041
1247008
1273812
1253550
1228375
1227518
1224525
1238953
1224700
1227469
1231786
1246979
1264626
1244165
1253834
1240048
1247701
1252170
1240844
1237847
1245198
1254295
1272481
1241329
1251814
1242826
1240458
1263333
1239569
1242897
1240826
1249628
1248458
1247191
1244222
1258072
1260403
1235688
1243942
1244371
1247189
1249063
1255187
1239435
1260957
1249225
1250276
1241398
1257781
1257279
1256685
1245009
1247674
1245989
1255618
1267977
1242122
1251991
1236779
1256569
1255704
1239947
1251506
1247058
1251414
1263519
1250467
1235848
1240370
1240582
1255286
1258852
1255479
1241728
1257442
1254384
1254656
1249310
1247732
1239401
1263592
1243779
1270297
1251598
1238343
1244520
1248326
1253411
1245877
1239826
1243976
1240221
1248370
1261563
1245184
1240225
1248384
1241981
1250762
1243773
1246822
1249237
1280554
1243901
1237474
1228071
1231190
1240379
1243970
1235940
1224715
1248534
1267201
1246670
1244329
1250178
1246562
1250991
1256933
1240861
1240052
1247666
1261979
1260539
1243533
1247140
1254915
1254309
1263066
1245370
1247689
1247523
1251074
1237518
1247909
1253308
1261640
1241541
1242984
1249242
1258165
1252050
1259341
1251948
1248522
1240407
1256827
1254430
1244510
1238059
1246708
1250145
1272752
1253588
1240731
1245068
1250120
1252700
1243907
1239784
1246126
1254471
1259284
1253334
1242079
1253726
1250823
1252283
1242964
1245286
1241370
1251413
1261607
1255599
1248237
1242369
1253959
1248422
1243460
1244463
1253400
1242816
1251725
1248679
1266630
1243806
1248737
1239240
1241407
1254049
1246598
1245762
1253306
1252202
1250933
1250339
1247879
1249830
1254380
1253185
1245681
1239850
1250427
1244432
1261662
1246263
1249523
1238719
1243515
1253867
1243385
1241201
1251099
1240117
1262170
1260129
1245077
1244124
1242031
1251631
1249031
1239696
1251377
1254634
1289934
1238818
1240941
1248659
1264878
1243098
1250639
1257758
1263557
1247690
1248442
1251394
1262589
1251993
1239690
1243278
1244172
1251185
1249968
1252153
1254297
1240375
1254870
1245187
1245351
1249313
1250065
1265434
1246575
1254728
1242208
1247436
1252120
1243156
1239800
1252128
1237416
1236610
1258809
1260753
1259719
1247198
1245827
1242318
1257280
1246879
1243925
1239874
1257598
1249466
1261719
1253734
1250650
1238540
1251657
1249049
1263450
1245153
1247679
1251801
1238768
1245027
1239648
1240525
1246404
1241794
1250540
1259446
1245104
1248357
1240728
1239943
1259908
1240036
1241002
1245881
1240258
1268344
1262583
1250841
1245406
1241610
1256117
1240210
1244184
1238098
1241308
1265222
1268266
1243205
1255119
1241989
1251227
1246250
1243326
1247248
1246564
1242412
1245874
1248251
1252948
1256354
1248539
1246599
1243557
1262792
1255710
1247021
1258954
2372851
2673264
1476248
1465162
1469631
1366458
1362588
1364915
1382915
1370874
1372992
1380649
1381557
1366466
1374264
1370702
1378630
1368623
1372086
1365105
1362615
1364213
1368294
1372217
1377884
1378304
1377938
1362348
1378919
1364617
1367032
1359516
1371400
1375138
1381030
1378803
1391734
1371629
1386127
1378944
1379474
1371530
1370784
1372356
1379834
1374297
1381901
1359357
1372413
1368452
1363385
1375693
1378201
1395083
1383594
1380529
1378443
1358455
1375721
1371307
1366682
1367121
1369751
1377102
1394376
1386062
1392912
1364681
1219076
1222424
1221487
1229132
1223269
1230118
1228229
1224474
1231691
1235821
986941
989684
1033489
975707
1047580
973375
980108
1029796
981772
1031032
1064786
1195244
1026985
1029889
1235227
1034242
1031726
1224724
1033592
1030737
1036626
1027854
1039397
1029198
1032284
1035391
1031004
1025130
1035935
1034411
1038915
1026821
1034898
1030880
1032561
1044359
1029936
1025753
1030222
1034001
1247231
1027272
1027323
1190730
1026914
1033077
1167218
1083422
1025902
1085798
1038452
1196290
1027458
1031212
1235450
1033207
1034233
1202969
1030321
1026119
1033808
1028763
1037071
1032433
1032032
1041186
1028469
1031518
1031100
1031144
1219665
1217397
1223553
1224267
1229473
1224707
1222756
1214578
1088995
1036297
1033401
964050
988217
1029352
972586
1036651
972154
991047
1024383
967381
