2544351
1539550
1528705
1526570
1527818
1529600
1531061
1536793
1534297
1532928
1604764
1609934
1550824
1558123
1555396
1539046
1541757
1541331
1545269
1539518
1557221
1553420
1549222
1545806
1539963
1550792
1545769
1547483
1545802
1544677
1563319
1559742
1550036
1548438
1543603
1531460
1514719
1516970
1519437
1519538
1525457
1529770
1530496
1526647
1518381
1516216
1516978
1523221
1133293
1144490
1151047
1151994
1148040
1116394
1117919
1128162
1089770
1095487
1093298
1094638
1056547
1044581
1031025
1037794
1031011
1031052
1030001
1032443
1035385
1032281
978714
967166
973449
975398
979198
972741
972628
972128
1028176
1026492
1224788
1213609
1212114
1224298
993989
1231148
1229067
1051903
1005766
1217718
972443
1142381
971564
1060185
1051924
973076
1147603
980810
979821
1231998
1036047
1036931
1035374
1164744
1035875
1032176
1033586
1031975
1031914
1034638
974278
1039247
976239
976151
1002782
978126
1044054
972459
973609
998195
1035783
1033503
1031138
1037780
1033067
1031270
1039294
1034455
1029593
1033594
1233996
1196067
1229543
1228793
1260131
1233387
1036381
1036096
1211970
1166852
1042975
1204390
1227491
1084136
981673
1180786
977959
975437
1202878
975448
1036132
978885
1191668
978324
1002930
1114340
981164
1071867
1030426
977502
1119013
1031062
1079590
1150807
1030926
1036120
1039656
1035072
1036232
1035696
1032442
1040940
1034524
1036207
1033595
1030964
1042566
1033535
1034524
1034376
976214
978127
980211
976891
981595
975815
976320
977120
981520
987582
1034212
1032689
1034890
1032311
1031541
1028318
1031916
1168202
1056003
1183947
1189940
1032948
1038691
1209572
1109803
1027608
1186140
1229339
1229373
1034845
1051109
970169
1198423
974724
972564
1179565
975804
1014629
1095707
1047728
1029326
971282
1147991
973900
1033461
1071507
971038
975713
976523
970247
973591
968778
969235
980185
972386
974543
968453
972240
975610
974875
1029625
1028350
1035022
1029636
1033593
1034959
1029808
1148326
1036553
1031600
1031502
1032481
1029184
1032391
1042532
1031631
1031072
1034691
992861
984499
1039756
1028881
1028403
1033970
1033406
1031256
1034492
1025847
1031874
1027597
978878
970332
970370
974257
971956
988065
978038
976229
972095
979258
1036028
1031667
1034179
1027587
1033413
1033493
1030397
1033335
1029666
1026166
969628
966983
970924
969009
969313
978394
967712
965287
967363
966837
967941
966639
966316
965038
967513
963281
971192
967185
976891
964288
967737
966951
970337
964619
969859
962688
967188
964334
1008542
973701
1028173
1025275
1027060
1025896
1027346
1024365
1025300
1032096
1029124
1028003
1031881
1026868
1026554
1031828
1024975
1025074
1029720
1025923
1025153
1025616
1028416
1024899
1027003
1034425
1023942
1022010
1030606
968137
969593
964507
965542
971122
968269
966778
964684
963606
966972
965799
975583
961593
1026614
1022142
1021651
1030271
1023769
1024750
1032702
1025024
1024161
1030848
1034680
1023660
1023396
1028831
1025420
1024375
1023611
1025694
1027877
1025502
966512
968263
967899
966987
963970
964656
967604
963947
965436
965017
967009
972529
958652
966388
960781
966938
970127
964419
964163
968209
1026544
1028784
1022594
1026154
1032951
1028094
1023519
1025101
1021343
1044176
975919
969716
967466
970623
966584
983360
962457
972083
964684
966293
1025345
1024275
1031262
1026572
1027105
1031375
1023678
1025592
1033363
1030335
966110
974178
967918
973259
968611
980448
961596
965159
959251
969225
1022011
1025632
1030377
1024308
1023449
1026835
1025743
1031129
1023146
1020485
973126
963397
960710
964922
957915
971159
961546
960815
966199
959988
1029933
1020097
1024805
1029472
1026610
1021150
1029749
1021080
1021105
1019923
1023284
1020582
1024422
1024798
1030635
1016047
1027722
1022825
1024218
1024882
1024968
1020435
1031466
1020793
1023423
1026539
1023382
1019140
1023629
1022714
1023392
1025132
1021421
1018177
1043503
1217887
1103687
1220916
1025310
1073517
1230284
1166856
965344
1066701
1155075
1156748
1029959
1208925
1030125
1072334
1035582
958345
1117422
964697
1058496
1022191
959056
1180633
963063
961629
1147651
961389
965166
958708
962915
960603
965565
956702
968861
1034214
1065661
1026181
1115886
1091437
1212213
1025800
1195250
1023766
1030387
1180485
1246055
1063018
1216213
1218913
1215128
1092500
1226751
1104921
1171486
1205517
1224774
1123864
1212373
964017
1036109
1019096
960282
1170348
960002
966031
1036861
1206539
961765
974494
1090853
962812
1084737
991081
959993
1035038
1022929
1024802
1020254
1023534
1024762
1019474
1020262
1023488
1020288
1023840
1017707
1022522
1025193
1019715
1019843
1031066
1019485
1024968
1016596
1021024
1022771
1026004
1023777
1023447
1018997
1029987
1024134
1023546
1023722
1024503
1021276
1025265
1019822
1025308
1028876
1023598
1017308
993349
960937
1033792
1221762
1023307
1024641
1023218
1021253
1032685
1020272
1024425
1034927
1024458
1021588
1025511
1026296
1024359
1022930
1037880
1020424
1026704
1019644
1021098
1018709
1023422
1028901
1025102
1021604
1030264
1023255
1022743
1020767
1024608
1023943
1025421
1024440
1027717
1022706
1017489
1035838
1021186
1020064
1211172
1018446
1019300
1023507
1021520
1021958
1023831
1021490
1022954
1021553
1020996
958599
5706137
958785
956410
1024822
955564
959784
1136756
957243
1036818
1024939
1016575
1020463
1024507
1024454
1017606
1021674
1019301
1029297
1020784
1021221
1019775
1023431
1020808
1021459
1024095
1021924
1019359
1024246
1020261
1019871
1020639
1019213
1018725
1029411
1019962
1024051
1019407
960272
1020675
1022198
1167308
1019839
1020318
1190935
1019578
1020407
1197930
1022015
1019798
1092125
1016513
1021131
1056447
1021970
1115263
1022555
1018670
1151561
1059229
1020867
1178441
1027083
1052421
955742
963074
958192
967994
960212
960115
1018075
1029363
1018894
1021735
1029610
1019912
1019212
1019631
1021319
980643
1025672
1018856
1020864
1024411
1020256
1019873
1030479
1020712
1019785
1018821
1019911
1019577
1022509
1023374
1026920
1019225
1021952
1025907
1023945
1018124
1023055
1019691
1025576
1019624
1022257
1024734
1022217
1017948
1028219
1016653
1030927
1017520
1022135
1022100
1020719
1021494
960487
954495
963703
956371
1020460
1019861
1187114
1017527
1022252
1021420
1022692
1017945
1030146
1019487
1021935
1025461
1020545
1020346
1022068
1016522
1031647
1022200
1026670
1023769
961078
958749
967776
955167
962032
955790
960691
958283
959713
956605
1022270
1028122
1021626
1021092
1028807
1019547
1018275
1020711
1021521
1019738
1021064
1017151
1028800
1020969
1020434
1024042
1020377
1020269
1030156
1022233
956856
962446
957418
959457
958222
960026
964668
960119
954982
957718
1027701
1022007
1019859
1026391
1019321
1022906
1017817
1020590
1023292
1024210
956250
957605
956436
962775
957687
970858
957191
958216
957157
959206
1019570
1026425
1016511
1019006
1045549
1024867
1020573
1023494
1017980
1020865
1026694
1020108
1017514
1018923
1020064
1029890
1018559
1024526
1027111
1020182
954057
958585
954551
962742
955056
959913
956997
963986
958163
958765
954434
958146
962610
958739
958852
961455
955642
958497
954810
966006
964507
953896
962848
956687
953376
958095
955605
963597
952435
957144
1020747
1017824
1018478
1017866
1019569
1021258
1026906
1018420
1019629
956704
1022232
1019662
1024101
1019494
1018489
1019005
1023578
1030367
1018975
1016993
1027591
1019269
1020393
1023010
1020958
1017504
1028345
1019625
1019202
1017815
955449
964537
956999
954703
960774
952252
966623
955969
956671
957209
956747
959286
957427
957679
958886
951533
957691
954123
969026
952580
1019554
1018014
1028788
1017726
1021782
1019335
1018833
1018060
1019703
1019178
1019394
1014162
1026712
1018480
1021559
1029974
1019754
1017523
1023662
1020436
962418
954635
958901
970713
962147
954513
956266
953791
984754
957330
961465
968624
954131
959622
953675
958308
959368
956573
959359
955626
