# atomic primitive experiment config:
# Experiment = atomic-or
# Clocksource = clock_gettime(CLOCK_REALTIME)
# Output is in ns
# 100 trials
# 10 throwout
106
103
102
105
104
105
104
105
100
105
104
101
105
105
106
107
105
105
105
106
100
102
107
100
105
105
106
105
101
106
105
104
103
106
105
101
102
105
103
105
105
101
105
104
104
100
101
107
100
105
102
100
101
105
102
105
104
108
105
101
100
105
102
106
105
100
104
106
102
104
105
104
101
105
102
101
100
103
105
100
101
107
104
108
104
101
100
105
106
102
101
106
100
103
106
104
101
107
104
108
