# atomic primitive experiment config:
# Experiment = atomic-nand
# Clocksource = clock_gettime(CLOCK_REALTIME)
# Output is in ns
# 100 trials
# 10 throwout
104
113
105
106
105
105
105
106
105
106
105
104
104
105
105
105
104
105
105
106
105
106
105
104
105
102
104
104
105
106
105
104
106
108
105
102
104
104
105
106
105
105
106
108
106
106
104
105
110
105
107
105
110
105
107
105
110
105
107
105
110
106
104
105
105
105
107
105
106
106
103
106
106
106
106
106
106
106
103
106
106
106
103
106
106
106
106
106
106
106
103
106
106
106
103
106
106
106
104
104
