# atomic primitive experiment config:
# Experiment = atomic-sub
# Clocksource = clock_gettime(CLOCK_REALTIME)
# Output is in ns
# 100 trials
# 10 throwout
103
104
106
104
104
106
104
105
103
101
100
100
104
101
105
104
106
105
102
104
105
106
104
101
107
105
105
105
106
101
104
103
104
105
105
103
104
101
105
105
101
104
105
102
105
104
103
104
106
104
106
102
106
104
102
105
101
106
105
105
105
102
104
104
104
105
103
106
105
105
105
105
102
104
102
105
105
101
108
105
105
102
100
104
102
105
103
106
105
107
100
104
104
105
105
103
106
105
105
100
