# atomic primitive experiment config:
# Experiment = atomic-cas
# Clocksource = clock_gettime(CLOCK_REALTIME)
# Output is in ns
# 100 trials
# 10 throwout
102
101
106
106
103
105
104
104
105
102
107
104
100
108
102
104
106
104
105
107
105
105
103
105
104
105
102
102
105
104
103
102
106
105
106
101
107
106
108
103
102
104
101
102
104
100
105
104
102
105
104
100
105
104
103
105
106
105
100
100
105
106
105
104
101
105
102
104
108
105
104
101
104
100
104
104
100
102
106
100
102
102
104
102
102
104
104
102
104
102
106
108
100
106
106
106
104
108
104
100
