# atomic primitive experiment config:
# Experiment = atomic-and
# Clocksource = clock_gettime(CLOCK_REALTIME)
# Output is in ns
# 100 trials
# 10 throwout
104
104
104
107
100
101
104
104
105
107
105
104
103
105
105
103
106
106
104
105
103
105
105
105
105
105
105
105
105
105
105
107
105
103
107
105
103
105
105
105
104
104
103
104
107
104
103
104
105
103
105
103
104
103
105
104
105
103
105
107
105
100
105
105
107
106
103
104
105
104
101
105
101
103
104
105
103
104
102
100
105
103
105
105
100
104
106
104
105
106
102
105
101
104
105
105
100
106
105
100
