# atomic primitive experiment config:
# Experiment = atomic-add
# Clocksource = clock_gettime(CLOCK_REALTIME)
# Output is in ns
# 100 trials
# 10 throwout
104
104
106
105
106
100
106
101
104
100
103
104
105
104
103
101
104
103
100
106
104
105
104
105
105
105
101
102
107
106
104
100
102
101
105
102
104
103
105
105
102
104
105
100
104
102
104
103
101
101
105
103
106
105
107
100
104
104
102
104
102
105
105
105
103
105
105
101
108
106
106
106
105
105
105
107
104
104
104
102
101
108
101
106
105
106
105
105
105
107
105
104
104
102
104
103
106
106
106
105
